0.25 0.25 0.25 0.25 
0.114286 0.314286 0.4 0.171429 
0.0963855 0.13253 0.590361 0.180723 
0.103337 0.0947255 0.527449 0.274489 
0.173795 0.089613 0.332654 0.403938 
0.272727 0.363636 0.136364 0.227273 
0.335294 0.329412 0.0705882 0.264706 
0.390552 0.282726 0.0346195 0.292102 
0.126533 0.549597 0.134595 0.189274 
0.144864 0.314607 0.269663 0.270867 
0.156627 0.45354 0.145781 0.244052 
0.121253 0.526661 0.131665 0.220422 
0.0993789 0.409938 0.434783 0.0559006 
0.0772325 0.477876 0.394208 0.0506838 
0.0588175 0.5459 0.35025 0.0450322 
0.043932 0.611616 0.305211 0.0392414 
0.0965168 0.335924 0.502901 0.0646587 
0.116124 0.269445 0.504222 0.110209 
0.0913649 0.105998 0.69425 0.108388 
0.0433604 0.327913 0.531165 0.097561 
0.0514469 0.259378 0.525188 0.163987 
0.0575252 0.193349 0.489364 0.259762 
0.0213717 0.19754 0.636328 0.14476 
0.024056 0.148234 0.596876 0.230834 
0.0253945 0.104321 0.525073 0.345211 
0.0435556 0.100647 0.337718 0.51808 
0.00759309 0.105275 0.706497 0.180635 
0.130435 0.478261 0.228261 0.163043 
0.119048 0.52381 0.208333 0.14881 
0.0900901 0.594595 0.183934 0.131381 
0.0667408 0.660734 0.158973 0.113552 
0.355556 0.2 0.133333 0.311111 
0.416438 0.172603 0.0657534 0.345205 
0.142056 0.353271 0.269159 0.235514 
0.131034 0.162931 0.434483 0.271552 
0.165487 0.27436 0.27436 0.285792 
0.134484 0.334439 0.260119 0.270958 
0.179999 0.329833 0.146592 0.343576 
0.222222 0.111111 0.388889 0.277778 
0.0875513 0.180575 0.670315 0.0615595 
0.0690151 0.17793 0.704529 0.0485262 
0.0539465 0.173851 0.734271 0.0379311 
0.0950314 0.191408 0.646741 0.0668189 
0.110986 0.149029 0.629433 0.110552 
0.154892 0.277314 0.439221 0.128573 
0.127406 0.28513 0.481706 0.105757 
0.102708 0.344783 0.453045 0.0994647 
0.175103 0.135431 0.402189 0.287278 
0.148062 0.171776 0.396761 0.283401 
0.125989 0.182709 0.45015 0.241152 
0.105366 0.191002 0.501954 0.201678 
0.0868805 0.236238 0.482871 0.194011 
0.0705811 0.287877 0.45766 0.183881 
0.0564259 0.345214 0.426855 0.171504 
0.0443484 0.406986 0.391405 0.157261 
0.0342475 0.471435 0.352634 0.141683 
0.438733 0.234025 0.0163749 0.310868 
0.480765 0.18896 0.00755523 0.322721 
0.204526 0.482321 0.0385696 0.274583 
0.186658 0.586913 0.0176001 0.208829 
0.226426 0.524598 0.00898936 0.239987 
0.268241 0.457932 0.00448399 0.269343 
0.310925 0.391116 0.00218842 0.295771 
0.1 0.55 0.204167 0.145833 
0.075 0.61875 0.178646 0.127604 
0.0551302 0.682236 0.153203 0.109431 
0.0398083 0.738942 0.129062 0.0921873 
0.101947 0.473097 0.247891 0.177065 
0.1026 0.238064 0.436588 0.222749 
0.0811646 0.0941637 0.604407 0.220265 
0.0845769 0.065415 0.524848 0.325161 
0.0326656 0.0694782 0.709479 0.188377 
0.0344456 0.130248 0.738428 0.0968784 
0.039417 0.0993636 0.704168 0.157052 
0.0430807 0.0723995 0.641349 0.24317 
0.080212 0.0758254 0.447798 0.396164 
0.0686616 0.0811333 0.511088 0.339117 
0.0580762 0.102938 0.504344 0.334642 
0.0487503 0.129612 0.493915 0.327723 
0.0407256 0.135346 0.550151 0.273777 
0.0334579 0.138991 0.602631 0.22492 
0.0270777 0.140608 0.650285 0.182029 
0.193353 0.299094 0.253776 0.253776 
0.156671 0.363525 0.239902 0.239902 
0.146052 0.406664 0.223642 0.223642 
0.194286 0.398607 0.125264 0.281843 
0.240528 0.363616 0.0652958 0.33056 
0.283271 0.315539 0.0323785 0.368812 
0.0857703 0.573243 0.117645 0.223342 
0.10003 0.334273 0.240106 0.325591 
0.0914064 0.152728 0.383963 0.371903 
0.0378787 0.174049 0.556898 0.231174 
0.0400625 0.122722 0.490838 0.346378 
0.0729345 0.0334283 0.651472 0.242165 
0.0743334 0.022713 0.553306 0.349648 
0.123777 0.0212742 0.345505 0.509443 
0.161261 0.0204229 0.18953 0.628786 
0.126984 0.232804 0.37037 0.269841 
0.0444085 0.335839 0.566671 0.053082 
0.034934 0.396282 0.520067 0.0487165 
0.0270191 0.459746 0.469276 0.0439587 
0.0205404 0.524261 0.416211 0.0389879 
0.0153516 0.587738 0.362915 0.0339955 
0.0333752 0.319444 0.591749 0.0554312 
0.0262175 0.376403 0.581051 0.0163287 
0.0203586 0.365359 0.601603 0.0126797 
0.150495 0.49901 0.142574 0.207921 
0.136838 0.544472 0.129636 0.189053 
0.103247 0.616221 0.114115 0.166418 
0.0762045 0.682231 0.0982637 0.143301 
0.178075 0.398559 0.172217 0.25115 
0.177209 0.528828 0.0856897 0.208274 
0.329897 0.0927835 0.216495 0.360825 
0.396867 0.0822454 0.109661 0.411227 
0.0522651 0.178716 0.60655 0.162469 
0.0576221 0.131356 0.557267 0.253755 
0.0594614 0.0903656 0.479212 0.370961 
0.0677966 0.0466102 0.726695 0.158898 
0.133108 0.0343169 0.44586 0.386715 
0.115026 0.0370689 0.513723 0.334182 
0.0974377 0.039251 0.580228 0.283083 
0.0809807 0.040777 0.642971 0.235271 
0.144231 0.423077 0.252404 0.180288 
0.141011 0.206816 0.431845 0.220329 
0.0552613 0.222887 0.592332 0.129519 
0.0627294 0.168672 0.560317 0.208281 
0.0224025 0.165654 0.700369 0.111575 
0.0256162 0.126278 0.667366 0.180739 
0.0277837 0.0913088 0.603195 0.277712 
0.0282141 0.0618155 0.51045 0.399521 
0.0109185 0.0657851 0.691382 0.231914 
0.0113797 0.0457092 0.600488 0.342423 
0.0202524 0.0457585 0.400757 0.533232 
0.517555 0.149888 0.00342459 0.329132 
0.244563 0.424965 0.0194189 0.311053 
0.0524017 0.528384 0.320961 0.0982533 
0.0392799 0.594108 0.280687 0.0859247 
0.0289215 0.656156 0.241113 0.07381 
0.020949 0.712921 0.203756 0.0623742 
0.0149549 0.763399 0.169698 0.0519483 
0.040197 0.512983 0.342096 0.104723 
0.0391684 0.249928 0.583349 0.127554 
0.0448863 0.190942 0.55709 0.207082 
0.0482759 0.136907 0.499298 0.315519 
0.0182477 0.14231 0.660549 0.178893 
0.0198991 0.10346 0.600274 0.276367 
0.108254 0.35724 0.473613 0.0608931 
0.124127 0.54616 0.271528 0.0581846 
0.093467 0.616882 0.238536 0.0511148 
0.0688921 0.682032 0.205121 0.0439546 
0.16164 0.400059 0.360954 0.0773473 
0.14829 0.183509 0.579501 0.0886991 
0.125543 0.233039 0.613258 0.0281598 
0.0994259 0.230699 0.647573 0.0223016 
0.0780709 0.226436 0.677981 0.0175116 
0.0608691 0.22068 0.704797 0.0136532 
0.107762 0.244182 0.623884 0.0241715 
0.0853255 0.290013 0.617485 0.00717708 
0.0667476 0.283585 0.644053 0.00561441 
0.244422 0.139296 0.236382 0.379899 
0.303067 0.127266 0.12341 0.446258 
0.0880985 0.22197 0.430487 0.259445 
0.146488 0.207611 0.268426 0.377475 
0.190221 0.198647 0.146763 0.464369 
0.0467144 0.292701 0.432505 0.228079 
0.0815094 0.287279 0.282995 0.348217 
0.065268 0.345054 0.264374 0.325304 
0.0350877 0.398026 0.537281 0.0296053 
0.0271263 0.461571 0.4846 0.0267025 
0.0206127 0.526106 0.429609 0.0236723 
0.0153987 0.58954 0.374429 0.0206318 
0.0113174 0.649935 0.321057 0.0176909 
0.00819258 0.705722 0.271145 0.0149406 
0.0205232 0.441975 0.509431 0.0280707 
0.0154217 0.498168 0.478501 0.00790991 
0.124524 0.385246 0.26494 0.225289 
0.0977174 0.45347 0.242557 0.206256 
0.0750785 0.522617 0.217422 0.184883 
0.0565197 0.590145 0.190957 0.162378 
0.170213 0.0425532 0.521277 0.265957 
0.17274 0.0647773 0.661269 0.101215 
0.139687 0.0654784 0.712987 0.0818479 
0.11139 0.0652678 0.758074 0.0652678 
0.0877776 0.0642902 0.7965 0.0514322 
0.0684921 0.0627064 0.828669 0.0401321 
0.121839 0.0697171 0.737053 0.0713903 
0.13788 0.0525969 0.695072 0.114451 
0.150802 0.0383509 0.633513 0.177335 
0.463563 0.141573 0.0308186 0.364045 
0.192277 0.35233 0.153395 0.301997 
0.194138 0.474321 0.0774402 0.254101 
0.237632 0.427799 0.0399113 0.294658 
0.27996 0.371369 0.0197981 0.328873 
0.320503 0.313269 0.00954327 0.356684 
0.358801 0.258412 0.00449836 0.378289 
0.13192 0.570062 0.0198469 0.278171 
0.0645885 0.434178 0.32967 0.171563 
0.0707304 0.380372 0.36102 0.187878 
0.0846148 0.30336 0.377902 0.234123 
0.0674929 0.362962 0.351672 0.217873 
0.0528774 0.426544 0.321437 0.199141 
0.0406738 0.492153 0.288462 0.178712 
0.0307218 0.557601 0.254195 0.157482 
0.0228006 0.620746 0.220096 0.136357 
0.254074 0.289595 0.14041 0.315921 
0.307643 0.258375 0.0715846 0.362397 
0.353009 0.218456 0.0345855 0.39395 
0.123142 0.457233 0.144776 0.274849 
0.119068 0.589475 0.0699933 0.221463 
0.0886379 0.658232 0.0607891 0.192341 
0.0646377 0.720007 0.0517177 0.163638 
0.159145 0.443184 0.0955008 0.302171 
0.151622 0.562979 0.0454932 0.239906 
0.114083 0.63539 0.0399347 0.210593 
0.0443996 0.0497439 0.550819 0.355037 
0.0168077 0.0517849 0.729805 0.201602 
0.017784 0.0365285 0.643496 0.302192 
0.0176693 0.0241953 0.53279 0.425346 
0.00683007 0.0257199 0.720824 0.246626 
0.00701203 0.0176034 0.61669 0.358695 
0.00254809 0.0175914 0.784342 0.195518 
0.00269674 0.0124118 0.691749 0.293143 
0.00513094 0.0132835 0.493557 0.488028 
0.00438452 0.0170267 0.492051 0.486538 
0.0289658 0.164291 0.776194 0.0305499 
0.0222848 0.157996 0.796216 0.0235035 
0.0170777 0.151348 0.813563 0.0180116 
0.0318339 0.176326 0.758265 0.0335748 
0.0384079 0.141826 0.762379 0.0573868 
0.0452085 0.111292 0.747807 0.0956928 
0.0514821 0.0844908 0.70965 0.154377 
0.0560877 0.0613662 0.64428 0.238266 
0.103733 0.0638411 0.446842 0.385584 
0.0418768 0.168693 0.759986 0.0294446 
0.0752168 0.189373 0.682523 0.0528868 
0.0889974 0.149379 0.672974 0.0886497 
0.0749434 0.188685 0.708377 0.027994 
0.0583991 0.183789 0.735997 0.0218141 
0.103714 0.204 0.653546 0.0387407 
0.083561 0.246541 0.658193 0.0117049 
0.0652294 0.240568 0.685065 0.00913705 
0.114991 0.265058 0.603843 0.0161075 
0.0903011 0.312219 0.592736 0.00474337 
0.0707892 0.305945 0.619547 0.00371844 
0.134078 0.24581 0.410615 0.209497 
0.111888 0.25641 0.456876 0.174825 
0.0919834 0.263494 0.500798 0.143724 
0.07423 0.318957 0.471498 0.135315 
0.058884 0.379526 0.43636 0.125231 
0.0474743 0.382483 0.469077 0.100965 
0.0369091 0.446045 0.425467 0.0915786 
0.0281922 0.511052 0.379147 0.0816086 
0.0211602 0.575371 0.332007 0.0714619 
0.0156172 0.636975 0.285875 0.0615325 
0.0322267 0.672985 0.261205 0.0335835 
0.0232579 0.728536 0.219929 0.0282766 
0.0594002 0.465166 0.42127 0.0541633 
0.0541522 0.212035 0.672091 0.0617226 
0.0642357 0.167678 0.664364 0.103722 
0.0732784 0.127522 0.631575 0.167625 
0.138648 0.13572 0.448119 0.277514 
0.177847 0.480499 0.131045 0.210608 
0.226096 0.450104 0.0701461 0.253653 
0.273198 0.400749 0.0356882 0.290365 
0.318192 0.34392 0.0175014 0.320387 
0.360557 0.287156 0.00835015 0.343937 
0.399954 0.234708 0.00390002 0.361438 
0.436177 0.188606 0.00179083 0.373426 
0.186707 0.484401 0.00919888 0.319693 
0.169182 0.585245 0.00416773 0.241405 
0.203621 0.519014 0.00211204 0.275253 
0.240202 0.451136 0.00104904 0.307613 
0.277856 0.384526 0.000510944 0.337107 
0.0589719 0.403298 0.391077 0.146654 
0.102436 0.131351 0.371497 0.394716 
0.140403 0.132658 0.214397 0.512542 
0.0309654 0.175543 0.567413 0.226079 
0.0573107 0.182754 0.393813 0.366123 
0.0470519 0.22506 0.377205 0.350683 
0.0381344 0.273608 0.356668 0.33159 
0.0304706 0.327933 0.332487 0.309109 
0.0239756 0.387048 0.305218 0.283758 
0.0185615 0.449468 0.275677 0.256293 
0.140219 0.661338 0.0154248 0.183019 
0.102819 0.727415 0.0131957 0.15657 
0.0738641 0.783851 0.0110596 0.131225 
0.143145 0.199284 0.383583 0.273988 
0.201311 0.20651 0.227137 0.365042 
0.25324 0.191416 0.120307 0.435037 
0.0681579 0.309111 0.388557 0.234175 
0.0259212 0.323286 0.517204 0.133589 
0.020578 0.128323 0.718534 0.132565 
0.0230513 0.0958306 0.670746 0.210372 
0.0244208 0.0676827 0.592163 0.315733 
0.0435448 0.0678854 0.395958 0.492612 
0.0283062 0.788151 0.107067 0.0764761 
0.0779783 0.542802 0.221211 0.158008 
0.0834878 0.290577 0.414471 0.211465 
0.142132 0.278261 0.264603 0.315004 
0.187756 0.27085 0.147175 0.394218 
0.0429905 0.372099 0.404383 0.180528 
0.500748 0.112685 0.0140172 0.37255 
0.239574 0.323472 0.080475 0.356479 
0.129804 0.240984 0.267065 0.362147 
0.0571709 0.291882 0.411691 0.239256 
0.0671357 0.457009 0.241724 0.234131 
0.0513343 0.524168 0.215636 0.208863 
0.0385152 0.58991 0.188752 0.182823 
0.028385 0.65213 0.162291 0.157194 
0.353227 0.3274 0.00104681 0.318326 
0.394015 0.269098 0.000491656 0.336395 
0.146621 0.600823 0.00219547 0.25036 
0.126676 0.692123 0.000948407 0.180252 
0.227907 0.0865898 0.183675 0.501827 
0.269884 0.0755546 0.0915813 0.56298 
0.0915438 0.153767 0.372768 0.381921 
0.0382712 0.176782 0.545445 0.239502 
0.06 0.48 0.36 0.1 
0.056872 0.227488 0.597156 0.118483 
0.06507 0.17352 0.569363 0.192047 
0.0701726 0.124751 0.511675 0.293401 
0.0265383 0.129743 0.677279 0.16644 
0.02906 0.0947142 0.61803 0.258196 
0.0102327 0.0917151 0.761677 0.136375 
0.0113784 0.0679897 0.705802 0.21483 
0.0119872 0.0477515 0.619636 0.320625 
0.0217255 0.0486811 0.421133 0.50846 
0.0184228 0.061921 0.416631 0.503025 
0.0146958 0.305626 0.63008 0.0495982 
0.011487 0.358342 0.615633 0.0145383 
0.00887169 0.345944 0.633956 0.0112282 
0.00683592 0.333201 0.651311 0.00865171 
0.00525677 0.320286 0.667804 0.0066531 
0.00403537 0.307335 0.683522 0.00510726 
0.00309301 0.294456 0.698536 0.00391459 
0.00236747 0.281731 0.712905 0.00299633 
0.0018099 0.269224 0.726675 0.00229066 
0.0013821 0.256985 0.739883 0.00174922 
0.00105433 0.245052 0.75256 0.00133439 
0.00198248 0.287984 0.707525 0.00250908 
0.00150267 0.327427 0.670357 0.000713181 
0.00951873 0.107534 0.688852 0.194095 
0.0102328 0.0770669 0.617105 0.295595 
0.0102881 0.0516556 0.517034 0.421023 
0.00396688 0.0547728 0.697753 0.243507 
0.00410263 0.0377648 0.601359 0.356773 
0.00149302 0.037794 0.765959 0.194754 
0.00158682 0.0267789 0.678399 0.293235 
0.00300744 0.0285487 0.482155 0.486289 
0.00257518 0.0305567 0.550473 0.416395 
0.103868 0.0634749 0.4418 0.390857 
0.0151073 0.0698186 0.787164 0.12791 
0.0326875 0.0377665 0.443537 0.486009 
0.0461885 0.0393219 0.263888 0.650602 
0.00972395 0.04967 0.666667 0.273939 
0.00985729 0.0335674 0.563173 0.393402 
0.00370105 0.0346591 0.740078 0.221562 
0.00386565 0.0241337 0.644161 0.327839 
0.00378542 0.0157552 0.52566 0.4548 
0.130435 0.403533 0.271852 0.19418 
0.134995 0.556853 0.140678 0.167474 
0.151913 0.501314 0.158309 0.188463 
0.143784 0.632649 0.0749187 0.148648 
0.106224 0.701081 0.064573 0.128121 
0.249344 0.411418 0.113681 0.225557 
0.239132 0.52609 0.0545124 0.180266 
0.0286136 0.0240433 0.745455 0.201888 
0.0300606 0.0168395 0.652628 0.300471 
0.0297391 0.0111063 0.53804 0.421115 
0.0115487 0.0118606 0.73129 0.245301 
0.0118282 0.00809842 0.624155 0.355918 
0.0210515 0.00810749 0.41657 0.554271 
0.0289358 0.00821135 0.241089 0.721764 
0.0753051 0.0474579 0.350337 0.5269 
0.0994846 0.0461971 0.194874 0.659444 
0.0246613 0.0687108 0.579688 0.32694 