0.25 0.25 0.25 0.25 
0.391304 0.0869565 0.130435 0.391304 
0.462857 0.0228571 0.0514286 0.462857 
0.413265 0.0816327 0.0918367 0.413265 
0.424528 0.0754717 0.0754717 0.424528 
0.326087 0.231884 0.115942 0.326087 
0 0.5 0.5 0 
0 0.333333 0.666667 0 
0 0.2 0.8 0 
0.125 0.5 0.25 0.125 
0.138889 0.5 0.222222 0.138889 
0.0510204 0.734694 0.163265 0.0510204 
0.0570776 0.739726 0.146119 0.0570776 
0.0169607 0.87924 0.0868385 0.0169607 
0.0189566 0.88444 0.0776463 0.0189566 
0.488279 0.00535834 0.0180844 0.488279 
0.47215 0.0207254 0.0349741 0.47215 
0.447239 0.0392638 0.0662577 0.447239 
0.4735 0.0249415 0.0280592 0.4735 
0.429329 0.0904594 0.0508834 0.429329 
0.437743 0.0830091 0.0415045 0.437743 
0 0.5 0.5 0 
0 0.6 0.4 0 
0 0.6 0.4 0 
0 0.6 0.4 0 
0 0.428571 0.571429 0 
0 0.457627 0.542373 0 
0.3 0.24 0.16 0.3 
0.159574 0.510638 0.170213 0.159574 
0.174419 0.502326 0.148837 0.174419 
0.0656743 0.756567 0.112084 0.0656743 
0.0728155 0.754951 0.0994175 0.0728155 
0.0216438 0.897611 0.0591019 0.0216438 
0.024091 0.899191 0.0526275 0.024091 
0.28125 0.25 0.1875 0.28125 
0 0.5 0.5 0 
0 0.454545 0.545455 0 
0 0.625 0.375 0 
0 0.652174 0.347826 0 
0 0.652174 0.347826 0 
0 0.652174 0.347826 0 
0 0.678392 0.321608 0 
0.341945 0.218845 0.0972644 0.341945 
0.194974 0.499133 0.110919 0.194974 
0.210123 0.484124 0.0956294 0.210123 
0.375417 0.192214 0.0569522 0.375417 
0.229811 0.470652 0.0697263 0.229811 
0.244743 0.451109 0.0594054 0.244743 
0.101438 0.747881 0.0492432 0.101438 
0.110817 0.735329 0.0430371 0.110817 
0.0341078 0.905292 0.0264923 0.0341078 
0.0377227 0.901115 0.0234401 0.0377227 
0.496331 0.00121038 0.00612754 0.496331 
0.491534 0.00479473 0.0121366 0.491534 
0.483351 0.00942979 0.0238692 0.483351 
0 0.283186 0.716814 0 
0 0.307692 0.692308 0 
0 0.307692 0.692308 0 
0 0.4 0.6 0 
0 0.692308 0.307692 0 
0 0.692308 0.307692 0 
0 0.692308 0.307692 0 
0 0.529412 0.470588 0 
0 0.558621 0.441379 0 
0.476471 0.0188235 0.0282353 0.476471 
0.439262 0.0694143 0.0520607 0.439262 
0.391683 0.123791 0.0928433 0.391683 
0.44702 0.0635762 0.0423841 0.44702 
0.362513 0.20623 0.0687433 0.362513 
0.462033 0.0525691 0.0233641 0.462033 
0.391199 0.178039 0.0395642 0.391199 
0.401524 0.164464 0.0324868 0.401524 
0.472145 0.0429757 0.0127335 0.472145 
0.41356 0.150573 0.0223071 0.41356 
0.421793 0.138213 0.0182009 0.421793 
0.294375 0.385844 0.0254054 0.294375 
0.307816 0.363115 0.0212523 0.307816 
0.145843 0.688175 0.0201386 0.145843 
0.157302 0.668019 0.0173767 0.157302 
0.052062 0.884374 0.0115023 0.052062 
0.0572574 0.875365 0.0101201 0.0572574 
0.0824659 0.760006 0.0750623 0.0824659 
0.0907229 0.752492 0.0660624 0.0907229 
0.0272971 0.905652 0.0397543 0.0272971 
0.0302802 0.904161 0.0352789 0.0302802 
0.00807953 0.965014 0.0188267 0.00807953 
0 0.5 0.5 0 
0 0.666667 0.333333 0 
0 0.692308 0.307692 0 
0.498838 0.000270332 0.00205283 0.498838 
0.499627 6.01688e-05 0.00068536 0.499627 
0.499195 0.000240467 0.00136953 0.499195 
0.498393 0.000480161 0.00273466 0.498393 
0 0.149358 0.850642 0 
0 0.164948 0.835052 0 
0 0.164948 0.835052 0 
0 0.164948 0.835052 0 
0 0.164948 0.835052 0 
0 0.247678 0.752322 0 
0 0.27027 0.72973 0 
0 0.27027 0.72973 0 
0 0.27027 0.72973 0 
0 0.27027 0.72973 0 
0 0.381679 0.618321 0 
0 0.235849 0.764151 0 
0 0.13369 0.86631 0 
0 0.0716332 0.928367 0 
0 0.0371471 0.962853 0 
0 0.5 0.5 0 
0 0.529412 0.470588 0 
0 0.529412 0.470588 0 
0 0.627907 0.372093 0 
0 0.627907 0.372093 0 
0 0.627907 0.372093 0 
0 0.654987 0.345013 0 
0 0.4 0.6 0 
0 0.4 0.6 0 
0 0.428571 0.571429 0 
0 0.333333 0.666667 0 
0 0.333333 0.666667 0 
0 0.36 0.64 0 
0 0.558621 0.441379 0 
0 0.558621 0.441379 0 
0 0.38756 0.61244 0 
0 0.415859 0.584141 0 
0 0.415859 0.584141 0 
0 0.415859 0.584141 0 
0 0.587429 0.412571 0 
0 0.415859 0.584141 0 
0 0.262514 0.737486 0 
0 0.151088 0.848912 0 
0.499879 1.33776e-05 0.000228568 0.499879 
0.49996 2.97328e-06 7.62019e-05 0.49996 
0.499918 1.18921e-05 0.000152391 0.499918 
0.499836 2.37803e-05 0.000304731 0.499836 
0 0.072388 0.927612 0 
0 0.0807062 0.919294 0 
0 0.0807062 0.919294 0 
0 0.0807062 0.919294 0 
0 0.0807062 0.919294 0 
0.492967 0.00432783 0.00973763 0.492967 
0.482015 0.0169267 0.0190426 0.482015 
0.46528 0.0326781 0.0367628 0.46528 
0.482219 0.0203207 0.0152405 0.482219 
0.448075 0.0755274 0.0283228 0.448075 
0.40592 0.136844 0.0513163 0.40592 
0.443884 0.0897852 0.0224463 0.443884 
0.485012 0.0218009 0.00817534 0.485012 
0.451771 0.0812271 0.0152301 0.451771 
0.412028 0.148163 0.0277805 0.412028 
0.445886 0.0962027 0.0120253 0.445886 
0.48616 0.0233094 0.00437051 0.48616 
0.452537 0.0867891 0.00813648 0.452537 
0 0.6 0.4 0 
0 0.555556 0.444444 0 
0 0.454545 0.545455 0 
0 0.454545 0.545455 0 
0 0.483871 0.516129 0 
0 0.678392 0.321608 0 
0.489682 0.0123811 0.00825407 0.489682 
0.468417 0.0473738 0.0157913 0.468417 
0.440588 0.0891184 0.0297061 0.440588 
0.465477 0.0564917 0.0125537 0.465477 
0.393795 0.191169 0.021241 0.393795 
0.403216 0.176168 0.0173993 0.403216 
0.473603 0.0459823 0.00681219 0.473603 
0.413714 0.160671 0.0119015 0.413714 
0.421489 0.147321 0.00970016 0.421489 
0.290349 0.405938 0.0133642 0.290349 
0.30348 0.381866 0.0111749 0.30348 
0.43632 0.122004 0.00535546 0.43632 
0.318164 0.355861 0.00781039 0.318164 
0.33044 0.332631 0.00648938 0.33044 
0.164858 0.663808 0.00647519 0.164858 
0.176825 0.640793 0.00555617 0.176825 
0.0603925 0.87542 0.00379528 0.0603925 
0.0662417 0.864186 0.00333029 0.0662417 
0 0.75 0.25 0 
0 0.771429 0.228571 0 
0 0.4 0.6 0 
0 0.625 0.375 0 
0 0.714286 0.285714 0 
0.00508089 0.948216 0.0416226 0.00508089 
0.00566523 0.951542 0.0371277 0.00566523 
0.499987 6.60764e-07 2.5402e-05 0.499987 
0.499996 1.46839e-07 8.46747e-06 0.499996 
0.499999 3.26311e-08 2.82251e-06 0.499999 
0.5 7.25136e-09 9.40837e-07 0.5 
0.499999 2.90054e-08 1.88167e-06 0.499999 
0.499998 5.80107e-08 3.76334e-06 0.499998 
0 0.0151807 0.984819 0 
0 0.587429 0.412571 0 
0 0.587429 0.412571 0 
0 0.681096 0.318904 0 
0 0.681096 0.318904 0 
