0.066 0.066 0.068 0.066 0.066 0.068 0.066 0.066 0.068 0.066 0.066 0.068 0.066 0.066 0.068 
0.0145929 0.0145929 0.012597 0.0836659 0.0836659 0.0722226 0.0836659 0.0836659 0.0722226 0.0836659 0.0836659 0.0722226 0.0836659 0.0836659 0.0722226 
0.00797887 0.00716942 0.00618883 0.0914911 0.0822094 0.0709653 0.0914911 0.0822094 0.0709653 0.0914911 0.0822094 0.0709653 0.0914911 0.0822094 0.0709653 
0.00430594 0.00347659 0.00300108 0.0987495 0.0797297 0.0688248 0.0987495 0.0797297 0.0688248 0.0987495 0.0797297 0.0688248 0.0987495 0.0797297 0.0688248 
0.00230511 0.00167232 0.00144359 0.105728 0.0767039 0.0662129 0.105728 0.0767039 0.0662129 0.105728 0.0767039 0.0662129 0.105728 0.0767039 0.0662129 
0.000649241 0.00111025 0.000958395 0.0595571 0.101847 0.0879168 0.0595571 0.101847 0.0879168 0.0595571 0.101847 0.0879168 0.0595571 0.101847 0.0879168 
0.000272447 0.000584118 0.000504226 0.049985 0.107166 0.0925087 0.049985 0.107166 0.0925087 0.049985 0.107166 0.0925087 0.049985 0.107166 0.0925087 
0.00011332 0.0003046 0.000262939 0.0415809 0.111768 0.096481 0.0415809 0.111768 0.096481 0.0415809 0.111768 0.096481 0.0415809 0.111768 0.096481 
4.67844e-05 0.000157662 0.000136098 0.0343335 0.115703 0.0998781 0.0343335 0.115703 0.0998781 0.0343335 0.115703 0.0998781 0.0343335 0.115703 0.0998781 
1.91949e-05 8.10994e-05 7.00072e-05 0.028173 0.119032 0.102752 0.028173 0.119032 0.102752 0.028173 0.119032 0.102752 0.028173 0.119032 0.102752 
7.83448e-06 4.14998e-05 3.58238e-05 0.0229979 0.121821 0.105159 0.0229979 0.121821 0.105159 0.0229979 0.121821 0.105159 0.0229979 0.121821 0.105159 
3.18388e-06 2.11445e-05 1.82525e-05 0.0186923 0.124138 0.107159 0.0186923 0.124138 0.107159 0.0186923 0.124138 0.107159 0.0186923 0.124138 0.107159 
1.2893e-06 1.07349e-05 9.26666e-06 0.0151388 0.126048 0.108808 0.0151388 0.126048 0.108808 0.0151388 0.126048 0.108808 0.0151388 0.126048 0.108808 
4.42449e-06 4.61862e-05 3.98692e-05 0.0122239 0.127603 0.11015 0.0122239 0.127603 0.11015 0.0122239 0.127603 0.11015 0.0122239 0.127603 0.11015 
0.00122725 0.000800026 0.000690604 0.11258 0.0733891 0.0633514 0.11258 0.0733891 0.0633514 0.11258 0.0733891 0.0633514 0.11258 0.0733891 0.0633514 
0.000650664 0.000381127 0.000328999 0.119375 0.0699242 0.0603604 0.119375 0.0699242 0.0603604 0.119375 0.0699242 0.0603604 0.119375 0.0699242 0.0603604 
0.000343752 0.000180926 0.00015618 0.126134 0.0663878 0.0573078 0.126134 0.0663878 0.0573078 0.126134 0.0663878 0.0573078 0.126134 0.0663878 0.0573078 
0.000181028 8.56136e-05 7.3904e-05 0.13285 0.062829 0.0542357 0.13285 0.062829 0.0542357 0.13285 0.062829 0.0542357 0.13285 0.062829 0.0542357 
9.50458e-05 4.039e-05 3.48657e-05 0.139502 0.0592818 0.0511736 0.139502 0.0592818 0.0511736 0.139502 0.0592818 0.0511736 0.139502 0.0592818 0.0511736 
0.00119249 0.00226947 0.00195907 0.0546955 0.104093 0.0898561 0.0546955 0.104093 0.0898561 0.0546955 0.104093 0.0898561 0.0546955 0.104093 0.0898561 
0.000499087 0.00119083 0.00102796 0.0457829 0.109239 0.0942983 0.0457829 0.109239 0.0942983 0.0457829 0.109239 0.0942983 0.0457829 0.109239 0.0942983 
0.000207004 0.000619241 0.000534545 0.0379784 0.11361 0.0980713 0.0379784 0.11361 0.0980713 0.0379784 0.11361 0.0980713 0.0379784 0.11361 0.0980713 
8.52356e-05 0.000319673 0.00027595 0.0312758 0.117299 0.101255 0.0312758 0.117299 0.101255 0.0312758 0.117299 0.101255 0.0312758 0.117299 0.101255 
3.48883e-05 0.000164047 0.00014161 0.0256034 0.120389 0.103923 0.0256034 0.120389 0.103923 0.0256034 0.120389 0.103923 0.0256034 0.120389 0.103923 
1.42108e-05 8.37744e-05 7.23164e-05 0.0208577 0.122959 0.106141 0.0208577 0.122959 0.106141 0.0208577 0.122959 0.106141 0.0208577 0.122959 0.106141 
5.76524e-06 4.26104e-05 3.67824e-05 0.0169237 0.125081 0.107974 0.0169237 0.125081 0.107974 0.0169237 0.125081 0.107974 0.0169237 0.125081 0.107974 
2.33127e-06 2.16021e-05 1.86475e-05 0.0136867 0.126824 0.109478 0.0136867 0.126824 0.109478 0.0136867 0.126824 0.109478 0.0136867 0.126824 0.109478 
9.40171e-07 1.09223e-05 9.42841e-06 0.0110394 0.128248 0.110707 0.0110394 0.128248 0.110707 0.0110394 0.128248 0.110707 0.0110394 0.128248 0.110707 
3.78334e-07 5.51045e-06 4.75677e-06 0.0088847 0.129406 0.111707 0.0088847 0.129406 0.111707 0.0088847 0.129406 0.111707 0.0088847 0.129406 0.111707 
1.51977e-07 2.7752e-06 2.39563e-06 0.00713798 0.130344 0.112517 0.00713798 0.130344 0.112517 0.00713798 0.130344 0.112517 0.00713798 0.130344 0.112517 
6.09623e-08 1.39567e-06 1.20478e-06 0.0057265 0.131102 0.113171 0.0057265 0.131102 0.113171 0.0057265 0.131102 0.113171 0.0057265 0.131102 0.113171 
2.44256e-08 7.01085e-07 6.05195e-07 0.00458884 0.131713 0.113698 0.00458884 0.131713 0.113698 0.00458884 0.131713 0.113698 0.00458884 0.131713 0.113698 
9.7775e-09 3.5185e-07 3.03726e-07 0.0036738 0.132204 0.114122 0.0036738 0.132204 0.114122 0.0036738 0.132204 0.114122 0.0036738 0.132204 0.114122 
3.91099e-09 1.7645e-07 1.52316e-07 0.00293903 0.132598 0.114462 0.00293903 0.132598 0.114462 0.00293903 0.132598 0.114462 0.00293903 0.132598 0.114462 
0.00019058 0.000263134 0.000227144 0.0699303 0.0965527 0.0833468 0.0699303 0.0965527 0.0833468 0.0699303 0.0965527 0.0833468 0.0699303 0.0965527 0.0833468 
8.05968e-05 0.000139515 0.000120433 0.0591474 0.102386 0.088382 0.0591474 0.102386 0.088382 0.0591474 0.102386 0.088382 0.0591474 0.102386 0.088382 
3.37655e-05 7.32793e-05 6.32567e-05 0.0495588 0.107555 0.092844 0.0495588 0.107555 0.092844 0.0495588 0.107555 0.092844 0.0495588 0.107555 0.092844 
1.40301e-05 3.81746e-05 3.29533e-05 0.041185 0.11206 0.0967334 0.041185 0.11206 0.0967334 0.041185 0.11206 0.0967334 0.041185 0.11206 0.0967334 
5.7886e-06 1.97465e-05 1.70457e-05 0.0339845 0.115931 0.100074 0.0339845 0.115931 0.100074 0.0339845 0.115931 0.100074 0.0339845 0.115931 0.100074 
2.37391e-06 1.01528e-05 8.76417e-06 0.0278742 0.119213 0.102908 0.0278742 0.119213 0.102908 0.0278742 0.119213 0.102908 0.0278742 0.119213 0.102908 
9.68605e-07 5.19365e-06 4.4833e-06 0.0227465 0.121966 0.105285 0.0227465 0.121966 0.105285 0.0227465 0.121966 0.105285 0.0227465 0.121966 0.105285 
3.93538e-07 2.64555e-06 2.28371e-06 0.0184835 0.124255 0.10726 0.0184835 0.124255 0.10726 0.0184835 0.124255 0.10726 0.0184835 0.124255 0.10726 
1.35429e-06 1.14142e-05 9.85304e-06 0.0149665 0.12614 0.108888 0.0149665 0.12614 0.108888 0.0149665 0.12614 0.108888 0.0149665 0.12614 0.108888 
1.71484e-07 1.4453e-06 2.3289e-06 0.0108653 0.0915745 0.147559 0.0108653 0.0915745 0.147559 0.0108653 0.0915745 0.147559 0.0108653 0.0915745 0.147559 
6.89965e-08 7.29066e-07 1.17478e-06 0.00874325 0.0923873 0.148869 0.00874325 0.0923873 0.148869 0.00874325 0.0923873 0.148869 0.00874325 0.0923873 0.148869 
2.77127e-08 3.67132e-07 5.9158e-07 0.0070235 0.093046 0.14993 0.0070235 0.093046 0.14993 0.0070235 0.093046 0.14993 0.0070235 0.093046 0.14993 
1.11153e-08 1.84616e-07 2.97482e-07 0.00563412 0.0935781 0.150788 0.00563412 0.0935781 0.150788 0.00563412 0.0935781 0.150788 0.00563412 0.0935781 0.150788 
0.0870463 0.0870463 0.0751407 0.0440587 0.0440587 0.0380327 0.0870463 0.0870463 0.0751407 0.0870463 0.0870463 0.0751407 0.0440587 0.0440587 0.0380327 
0.0200984 0.0200984 0.0145361 0.0583244 0.0583244 0.0421828 0.115231 0.115231 0.0833401 0.115231 0.115231 0.0833401 0.0583244 0.0583244 0.0421828 
0.0110407 0.00992065 0.00717505 0.0640791 0.0575783 0.0416432 0.1266 0.113757 0.082274 0.1266 0.113757 0.082274 0.0640791 0.0575783 0.0416432 
0.00596694 0.00481767 0.00348435 0.0692629 0.0559224 0.0404455 0.136842 0.110485 0.0799078 0.136842 0.110485 0.0799078 0.0692629 0.0559224 0.0404455 
0.0031934 0.00231676 0.00167558 0.0741365 0.0537849 0.0388996 0.146471 0.106262 0.0768534 0.146471 0.106262 0.0768534 0.0741365 0.0537849 0.0388996 
0.00169817 0.00110701 0.00080064 0.0788481 0.0513998 0.0371746 0.155779 0.10155 0.0734454 0.155779 0.10155 0.0734454 0.0788481 0.0513998 0.0371746 
0.000898864 0.00052651 0.000380795 0.0834705 0.0488929 0.0353615 0.164912 0.0965971 0.0698633 0.164912 0.0965971 0.0698633 0.0834705 0.0488929 0.0353615 
0.000267483 0.000369314 0.000267104 0.0496782 0.0685906 0.0496077 0.0981486 0.135514 0.0980094 0.0981486 0.135514 0.0980094 0.0496782 0.0685906 0.0496077 
0.000113522 0.000196509 0.000142124 0.0421675 0.0729931 0.0527918 0.0833099 0.144212 0.1043 0.0833099 0.144212 0.1043 0.0421675 0.0729931 0.0527918 
4.77079e-05 0.000103538 7.4883e-05 0.0354421 0.0769179 0.0556304 0.0700225 0.151966 0.109908 0.0700225 0.151966 0.109908 0.0354421 0.0769179 0.0556304 
1.98772e-05 5.40839e-05 3.91159e-05 0.0295335 0.0803577 0.0581182 0.058349 0.158762 0.114823 0.058349 0.158762 0.114823 0.0295335 0.0803577 0.0581182 
8.22011e-06 2.80411e-05 2.02805e-05 0.0244268 0.0833266 0.0602655 0.0482598 0.164627 0.119066 0.0482598 0.164627 0.119066 0.0244268 0.0833266 0.0602655 
3.37773e-06 1.4446e-05 1.0448e-05 0.0200745 0.085855 0.0620941 0.0396609 0.169623 0.122679 0.0396609 0.169623 0.122679 0.0200745 0.085855 0.0620941 
1.38047e-06 7.40206e-06 5.3535e-06 0.0164088 0.0879836 0.0636336 0.0324186 0.173828 0.12572 0.0324186 0.173828 0.12572 0.0164088 0.0879836 0.0636336 
5.61649e-07 3.77568e-06 2.73074e-06 0.0133519 0.0897582 0.0649171 0.0263792 0.177334 0.128256 0.0263792 0.177334 0.128256 0.0133519 0.0897582 0.0649171 
4.68225e-07 1.7791e-06 1.28672e-06 0.0222619 0.084588 0.0611778 0.0439827 0.16712 0.120868 0.0439827 0.16712 0.120868 0.0222619 0.084588 0.0611778 
5.2057e-07 5.43411e-06 4.69087e-06 0.0122249 0.127613 0.110159 0.0122249 0.127613 0.110159 0.0122249 0.127613 0.110159 0.0122249 0.127613 0.110159 
2.09684e-07 2.74423e-06 2.36889e-06 0.00984835 0.128889 0.111261 0.00984835 0.128889 0.111261 0.00984835 0.128889 0.111261 0.00984835 0.128889 0.111261 
8.42964e-08 1.38314e-06 1.19397e-06 0.00791838 0.129926 0.112155 0.00791838 0.129926 0.112155 0.00791838 0.129926 0.112155 0.00791838 0.129926 0.112155 
3.38351e-08 6.96035e-07 6.00836e-07 0.00635661 0.130764 0.112879 0.00635661 0.130764 0.112879 0.00635661 0.130764 0.112879 0.00635661 0.130764 0.112879 
1.35636e-08 3.49818e-07 3.01972e-07 0.00509638 0.13144 0.113463 0.00509638 0.13144 0.113463 0.00509638 0.13144 0.113463 0.00509638 0.13144 0.113463 
5.4317e-09 1.75634e-07 1.51612e-07 0.00408181 0.131985 0.113933 0.00408181 0.131985 0.113933 0.00408181 0.131985 0.113933 0.00408181 0.131985 0.113933 
0.152166 0.152166 0.131354 0.0492726 0.0492726 0.0425335 0.0492726 0.0492726 0.0425335 0.0492726 0.0492726 0.0425335 0.0492726 0.0492726 0.0425335 
0.186354 0.186354 0.134779 0.0603431 0.0603431 0.0436428 0.0300844 0.0300844 0.0217584 0.0603431 0.0603431 0.0436428 0.0300844 0.0300844 0.0217584 
0.221703 0.221703 0.134343 0.0363364 0.0363364 0.0220185 0.035791 0.035791 0.021688 0.0717894 0.0717894 0.0435016 0.0181157 0.0181157 0.0109774 
0.0873772 0.0873772 0.0754263 0.0873772 0.0873772 0.0754263 0.0435623 0.0435623 0.0376042 0.0873772 0.0873772 0.0754263 0.0435623 0.0435623 0.0376042 
0.0201947 0.0201947 0.0146057 0.115783 0.115783 0.0837394 0.0577242 0.0577242 0.0417487 0.115783 0.115783 0.0837394 0.0577242 0.0577242 0.0417487 
0.0110951 0.00996952 0.0072104 0.127224 0.114317 0.0826793 0.0634282 0.0569935 0.0412202 0.127224 0.114317 0.0826793 0.0634282 0.0569935 0.0412202 
0.00599676 0.00484174 0.00350176 0.137526 0.111037 0.0803071 0.0685641 0.0553582 0.0400375 0.137526 0.111037 0.0803071 0.0685641 0.0553582 0.0400375 
0.00320947 0.00232842 0.00168402 0.147208 0.106797 0.0772403 0.0733912 0.0532442 0.0385085 0.147208 0.106797 0.0772403 0.0733912 0.0532442 0.0385085 
0.00170675 0.0011126 0.000804685 0.156566 0.102063 0.0738164 0.0780568 0.050884 0.0368016 0.156566 0.102063 0.0738164 0.0780568 0.050884 0.0368016 
0.000903413 0.000529175 0.000382723 0.165746 0.097086 0.0702169 0.0826336 0.0484027 0.035007 0.165746 0.097086 0.0702169 0.0826336 0.0484027 0.035007 
0.000476395 0.000250739 0.000181346 0.174805 0.0920047 0.0665418 0.08715 0.0458694 0.0331748 0.174805 0.0920047 0.0665418 0.08715 0.0458694 0.0331748 
0.000250387 0.000118416 8.56435e-05 0.183751 0.0869015 0.062851 0.0916098 0.0433252 0.0313347 0.183751 0.0869015 0.062851 0.0916098 0.0433252 0.0313347 
0.000131198 5.57532e-05 4.03231e-05 0.192564 0.0818308 0.0591837 0.096004 0.0407972 0.0295063 0.192564 0.0818308 0.0591837 0.096004 0.0407972 0.0295063 
6.85464e-05 2.61739e-05 1.89301e-05 0.201216 0.0768325 0.0555687 0.100317 0.0383052 0.027704 0.201216 0.0768325 0.0555687 0.100317 0.0383052 0.027704 
3.5713e-05 1.22533e-05 8.86211e-06 0.209669 0.0719382 0.0520289 0.104531 0.0358652 0.0259393 0.209669 0.0719382 0.0520289 0.104531 0.0358652 0.0259393 
4.97576e-05 1.89995e-05 1.64009e-05 0.146062 0.0557725 0.0481443 0.146062 0.0557725 0.0481443 0.146062 0.0557725 0.0481443 0.146062 0.0557725 0.0481443 
2.59753e-05 8.91224e-06 7.69328e-06 0.152499 0.0523232 0.0451668 0.152499 0.0523232 0.0451668 0.152499 0.0523232 0.0451668 0.152499 0.0523232 0.0451668 
1.35229e-05 4.16907e-06 3.59886e-06 0.158785 0.0489527 0.0422573 0.158785 0.0489527 0.0422573 0.158785 0.0489527 0.0422573 0.158785 0.0489527 0.0422573 
0.000352262 0.00054128 0.000467248 0.0646284 0.099307 0.0857244 0.0646284 0.099307 0.0857244 0.0646284 0.099307 0.0857244 0.0646284 0.099307 0.0857244 
0.000148353 0.000285797 0.000246708 0.0544358 0.104869 0.0905254 0.0544358 0.104869 0.0905254 0.0544358 0.104869 0.0905254 0.0544358 0.104869 0.0905254 
6.19151e-05 0.000149542 0.000129088 0.0454375 0.109744 0.0947337 0.0454375 0.109744 0.0947337 0.0454375 0.109744 0.0947337 0.0454375 0.109744 0.0947337 
2.564e-05 7.76404e-05 6.70212e-05 0.0376327 0.113955 0.0983694 0.0376327 0.113955 0.0983694 0.0376327 0.113955 0.0983694 0.0376327 0.113955 0.0983694 
1.05477e-05 4.00436e-05 3.45667e-05 0.0309625 0.117547 0.101469 0.0309625 0.117547 0.101469 0.0309625 0.117547 0.101469 0.0309625 0.117547 0.101469 
4.31487e-06 2.05375e-05 1.77285e-05 0.0253324 0.120574 0.104083 0.0253324 0.120574 0.104083 0.0253324 0.120574 0.104083 0.0253324 0.120574 0.104083 
1.75688e-06 1.0484e-05 9.05003e-06 0.0206291 0.123101 0.106264 0.0206291 0.123101 0.106264 0.0206291 0.123101 0.106264 0.0206291 0.123101 0.106264 
7.12568e-07 5.33106e-06 4.60192e-06 0.0167338 0.125193 0.10807 0.0167338 0.125193 0.10807 0.0167338 0.125193 0.10807 0.0167338 0.125193 0.10807 
2.88083e-07 2.70215e-06 2.33257e-06 0.0135305 0.126913 0.109555 0.0135305 0.126913 0.109555 0.0135305 0.126913 0.109555 0.0135305 0.126913 0.109555 
1.16163e-07 1.36604e-06 1.1792e-06 0.0109118 0.128319 0.110768 0.0109118 0.128319 0.110768 0.0109118 0.128319 0.110768 0.0109118 0.128319 0.110768 
4.67398e-08 6.89109e-07 5.94857e-07 0.008781 0.129463 0.111756 0.008781 0.129463 0.111756 0.008781 0.129463 0.111756 0.008781 0.129463 0.111756 
1.87737e-08 3.47021e-07 2.99558e-07 0.00705404 0.13039 0.112556 0.00705404 0.13039 0.112556 0.00705404 0.13039 0.112556 0.00705404 0.13039 0.112556 
7.53015e-09 1.74507e-07 1.50639e-07 0.00565875 0.131139 0.113202 0.00565875 0.131139 0.113202 0.00565875 0.131139 0.113202 0.00565875 0.131139 0.113202 
6.03383e-09 1.7531e-07 1.51333e-07 0.0045343 0.131742 0.113723 0.0045343 0.131742 0.113723 0.0045343 0.131742 0.113723 0.0045343 0.131742 0.113723 
2.05293e-08 7.47813e-07 6.45532e-07 0.00362997 0.132227 0.114142 0.00362997 0.132227 0.114142 0.00362997 0.132227 0.114142 0.00362997 0.132227 0.114142 
2.56553e-09 9.34536e-08 1.50587e-07 0.00260084 0.0947397 0.152659 0.00260084 0.0947397 0.152659 0.00260084 0.0947397 0.152659 0.00260084 0.0947397 0.152659 
1.59331e-07 1.34287e-06 1.1592e-06 0.0149668 0.126143 0.10889 0.0149668 0.126143 0.10889 0.0149668 0.126143 0.10889 0.0149668 0.126143 0.10889 
6.43221e-08 6.79672e-07 5.86711e-07 0.0120842 0.12769 0.110225 0.0120842 0.12769 0.110225 0.0120842 0.12769 0.110225 0.0120842 0.12769 0.110225 
5.48605e-08 3.27654e-07 2.82839e-07 0.0206133 0.123113 0.106274 0.0206133 0.123113 0.106274 0.0206133 0.123113 0.106274 0.0206133 0.123113 0.106274 
3.02457e-08 1.62316e-07 1.40115e-07 0.022729 0.121977 0.105294 0.022729 0.121977 0.105294 0.022729 0.121977 0.105294 0.022729 0.121977 0.105294 
0.00153481 0.000725862 0.000626583 0.132512 0.062669 0.0540975 0.132512 0.062669 0.0540975 0.132512 0.062669 0.0540975 0.132512 0.062669 0.0540975 
0.00488332 0.00230948 0.00167031 0.136522 0.0645656 0.0466967 0.136522 0.0645656 0.0466967 0.136522 0.0645656 0.0466967 0.136522 0.0645656 0.0466967 
0.00218012 0.00461752 0.00398597 0.0499974 0.105895 0.0914115 0.0499974 0.105895 0.0914115 0.0499974 0.105895 0.0914115 0.0499974 0.105895 0.0914115 
0.000911458 0.0024203 0.00208927 0.0418056 0.111011 0.0958279 0.0418056 0.111011 0.0958279 0.0418056 0.111011 0.0958279 0.0418056 0.111011 0.0958279 
0.000377325 0.00125618 0.00108437 0.0346133 0.115234 0.0994731 0.0346133 0.115234 0.0994731 0.0346133 0.115234 0.0994731 0.0346133 0.115234 0.0994731 
0.000155042 0.000647129 0.000558619 0.028445 0.118727 0.102488 0.028445 0.118727 0.102488 0.028445 0.118727 0.102488 0.028445 0.118727 0.102488 
6.33347e-05 0.000331427 0.000286097 0.0232396 0.121612 0.104978 0.0232396 0.121612 0.104978 0.0232396 0.121612 0.104978 0.0232396 0.121612 0.104978 
2.57519e-05 0.000168951 0.000145843 0.0188984 0.123987 0.107029 0.0188984 0.123987 0.107029 0.0188984 0.123987 0.107029 0.0188984 0.123987 0.107029 
1.04315e-05 8.58028e-05 7.40673e-05 0.0153106 0.125936 0.108711 0.0153106 0.125936 0.108711 0.0153106 0.125936 0.108711 0.0153106 0.125936 0.108711 
4.21275e-06 4.34436e-05 3.75017e-05 0.0123664 0.127527 0.110085 0.0123664 0.127527 0.110085 0.0123664 0.127527 0.110085 0.0123664 0.127527 0.110085 
1.69715e-06 2.19424e-05 1.89413e-05 0.00996385 0.128822 0.111203 0.00996385 0.128822 0.111203 0.00996385 0.128822 0.111203 0.00996385 0.128822 0.111203 
6.82358e-07 1.10607e-05 9.54786e-06 0.00801216 0.129873 0.11211 0.00801216 0.129873 0.11211 0.00801216 0.129873 0.11211 0.00801216 0.129873 0.11211 
2.7391e-07 5.56649e-06 4.80515e-06 0.00643244 0.130722 0.112843 0.00643244 0.130722 0.112843 0.00643244 0.130722 0.112843 0.00643244 0.130722 0.112843 
1.0981e-07 2.79783e-06 2.41516e-06 0.00515752 0.131407 0.113434 0.00515752 0.131407 0.113434 0.00515752 0.131407 0.113434 0.00515752 0.131407 0.113434 
4.39772e-08 1.40478e-06 1.21265e-06 0.00413099 0.131958 0.11391 0.00413099 0.131958 0.11391 0.00413099 0.131958 0.11391 0.00413099 0.131958 0.11391 
1.75974e-08 7.0475e-07 6.08359e-07 0.00330602 0.132401 0.114292 0.00330602 0.132401 0.114292 0.00330602 0.132401 0.114292 0.00330602 0.132401 0.114292 
7.03684e-09 3.53321e-07 3.04996e-07 0.00264402 0.132757 0.114599 0.00264402 0.132757 0.114599 0.00264402 0.132757 0.114599 0.00264402 0.132757 0.114599 
2.81238e-09 1.77039e-07 1.52825e-07 0.00211345 0.133041 0.114845 0.00211345 0.133041 0.114845 0.00211345 0.133041 0.114845 0.00211345 0.133041 0.114845 
2.24705e-09 1.77343e-07 1.53087e-07 0.00168861 0.133269 0.115042 0.00168861 0.133269 0.115042 0.00168861 0.133269 0.115042 0.00168861 0.133269 0.115042 
1.79475e-09 1.77585e-07 1.53297e-07 0.00134871 0.133452 0.115199 0.00134871 0.133452 0.115199 0.00134871 0.133452 0.115199 0.00134871 0.133452 0.115199 
1.43309e-09 1.7778e-07 1.53464e-07 0.00107694 0.133598 0.115325 0.00107694 0.133598 0.115325 0.00107694 0.133598 0.115325 0.00107694 0.133598 0.115325 
8.55265e-09 1.73959e-07 1.50166e-07 0.00642715 0.130726 0.112846 0.00642715 0.130726 0.112846 0.00642715 0.130726 0.112846 0.00642715 0.130726 0.112846 
9.49073e-09 1.73455e-07 1.49731e-07 0.00713209 0.130348 0.11252 0.00713209 0.130348 0.11252 0.00713209 0.130348 0.11252 0.00713209 0.130348 0.11252 
5.1817e-07 1.18629e-05 1.02404e-05 0.00572638 0.131099 0.113169 0.00572638 0.131099 0.113169 0.00572638 0.131099 0.113169 0.00572638 0.131099 0.113169 
6.4913e-08 1.48611e-06 2.39466e-06 0.00411289 0.0941603 0.151726 0.00411289 0.0941603 0.151726 0.00411289 0.0941603 0.151726 0.00411289 0.0941603 0.151726 
2.59744e-08 7.45541e-07 1.20133e-06 0.00329149 0.094475 0.152233 0.00329149 0.094475 0.152233 0.00329149 0.094475 0.152233 0.00329149 0.094475 0.152233 
1.03865e-08 3.73767e-07 6.02271e-07 0.00263237 0.0947275 0.15264 0.00263237 0.0947275 0.15264 0.00263237 0.0947275 0.15264 0.00263237 0.0947275 0.15264 
4.1511e-09 1.87282e-07 3.01779e-07 0.00210411 0.0949299 0.152966 0.00210411 0.0949299 0.152966 0.00210411 0.0949299 0.152966 0.00210411 0.0949299 0.152966 
1.65832e-09 9.3801e-08 1.51147e-07 0.00168114 0.0950919 0.153227 0.00168114 0.0950919 0.153227 0.00168114 0.0950919 0.153227 0.00168114 0.0950919 0.153227 
1.32451e-09 9.39289e-08 1.51353e-07 0.00134274 0.0952215 0.153436 0.00134274 0.0952215 0.153436 0.00134274 0.0952215 0.153436 0.00134274 0.0952215 0.153436 
1.05761e-09 9.40311e-08 1.51518e-07 0.00107216 0.0953251 0.153603 0.00107216 0.0953251 0.153603 0.00107216 0.0953251 0.153603 0.00107216 0.0953251 0.153603 
8.443e-10 9.41127e-08 1.51649e-07 0.000855919 0.0954079 0.153736 0.000855919 0.0954079 0.153736 0.000855919 0.0954079 0.153736 0.000855919 0.0954079 0.153736 
0 9.38655e-08 1.51251e-07 0.00151034 0.0951573 0.153332 0.00151034 0.0951573 0.153332 0.00151034 0.0951573 0.153332 0.00151034 0.0951573 0.153332 
3.97284e-07 5.85737e-06 5.05624e-06 0.00878091 0.129462 0.111755 0.00878091 0.129462 0.111755 0.00878091 0.129462 0.111755 0.00878091 0.129462 0.111755 
4.99447e-08 7.36361e-07 1.18654e-06 0.00632901 0.0933118 0.150359 0.00632901 0.0933118 0.150359 0.00632901 0.0933118 0.150359 0.00632901 0.0933118 0.150359 
5.04233e-08 9.32045e-07 1.50186e-06 0.00375862 0.0694758 0.11195 0.00638965 0.118109 0.190316 0.00638965 0.118109 0.190316 0.00375862 0.0694758 0.11195 
5.77112e-09 1.06676e-07 3.20866e-07 0.0024664 0.04559 0.137129 0.00419289 0.077503 0.233119 0.00419289 0.077503 0.233119 0.0024664 0.04559 0.137129 
4.61559e-09 1.06964e-07 3.21733e-07 0.00197257 0.0457132 0.137499 0.00335336 0.0777125 0.233749 0.00335336 0.0777125 0.233749 0.00197257 0.0457132 0.137499 
3.68944e-09 1.07195e-07 3.22429e-07 0.00157676 0.045812 0.137796 0.00268049 0.0778804 0.234254 0.00268049 0.0778804 0.234254 0.00157676 0.045812 0.137796 
7.62766e-09 7.54738e-07 6.5151e-07 0.00134871 0.133452 0.115199 0.00134871 0.133452 0.115199 0.00134871 0.133452 0.115199 0.00134871 0.133452 0.115199 
2.07616e-07 5.95916e-06 5.14411e-06 0.0045888 0.131711 0.113697 0.0045888 0.131711 0.113697 0.0045888 0.131711 0.113697 0.0045888 0.131711 0.113697 
8.3022e-09 3.74565e-07 6.03557e-07 0.00210411 0.0949298 0.152966 0.00210411 0.0949298 0.152966 0.00210411 0.0949298 0.152966 0.00210411 0.0949298 0.152966 
8.04375e-07 5.28179e-06 4.55938e-06 0.0188897 0.124036 0.107071 0.0188897 0.124036 0.107071 0.0188897 0.124036 0.107071 0.0188897 0.124036 0.107071 
4.43812e-07 2.61857e-06 2.26042e-06 0.0208447 0.122988 0.106166 0.0208447 0.122988 0.106166 0.0208447 0.122988 0.106166 0.0208447 0.122988 0.106166 
2.44657e-07 1.29708e-06 1.11967e-06 0.0229819 0.121841 0.105176 0.0229819 0.121841 0.105176 0.0229819 0.121841 0.105176 0.0229819 0.121841 0.105176 
1.34742e-07 6.41878e-07 5.54086e-07 0.0253139 0.12059 0.104096 0.0253139 0.12059 0.104096 0.0253139 0.12059 0.104096 0.0253139 0.12059 0.104096 
0.18589 0.18589 0.134444 0.0304668 0.0304668 0.0220349 0.0601928 0.0601928 0.0435341 0.0601928 0.0601928 0.0435341 0.0304668 0.0304668 0.0220349 
0.0582091 0.0582091 0.0352725 0.0546977 0.0546977 0.0331447 0.108066 0.108066 0.0654835 0.108066 0.108066 0.0654835 0.0546977 0.0546977 0.0331447 
0.0335934 0.0301854 0.0182912 0.0631338 0.0567289 0.0343755 0.124733 0.112079 0.0679153 0.124733 0.112079 0.0679153 0.0631338 0.0567289 0.0343755 
0.0186319 0.0150433 0.00911566 0.0700319 0.0565433 0.0342631 0.138361 0.111712 0.0676931 0.138361 0.111712 0.0676931 0.0700319 0.0565433 0.0342631 
0.010098 0.00732595 0.00443924 0.0759109 0.0550722 0.0333716 0.149976 0.108805 0.0659319 0.149976 0.108805 0.0659319 0.0759109 0.0550722 0.0333716 
0.00539959 0.00351991 0.00213293 0.0811819 0.0529212 0.0320682 0.16039 0.104556 0.0633567 0.16039 0.104556 0.0633567 0.0811819 0.0529212 0.0320682 
0.00286337 0.00167722 0.00101633 0.0861005 0.0504334 0.0305607 0.170108 0.0996408 0.0603784 0.170108 0.0996408 0.0603784 0.0861005 0.0504334 0.0305607 
0.00150992 0.000794714 0.000481566 0.0908057 0.0477935 0.028961 0.179404 0.094425 0.0572179 0.179404 0.094425 0.0572179 0.0908057 0.0477935 0.028961 
0.00079286 0.000374968 0.000227216 0.095364 0.0451007 0.0273293 0.18841 0.0891048 0.0539941 0.18841 0.0891048 0.0539941 0.095364 0.0451007 0.0273293 
0.000414875 0.000176302 0.000106832 0.0998011 0.0424107 0.0256993 0.197176 0.0837904 0.0507737 0.197176 0.0837904 0.0507737 0.0998011 0.0424107 0.0256993 
0.0293151 0.0293151 0.0253056 0.130655 0.130655 0.112785 0.0293151 0.0293151 0.0253056 0.0293151 0.0293151 0.0253056 0.130655 0.130655 0.112785 
0.0163811 0.0147192 0.012706 0.146019 0.131205 0.11326 0.0327622 0.0294385 0.0254121 0.0327622 0.0294385 0.0254121 0.146019 0.131205 0.11326 
0.00894189 0.00721962 0.00623217 0.159414 0.128709 0.111105 0.0357676 0.0288785 0.0249287 0.0357676 0.0288785 0.0249287 0.159414 0.128709 0.111105 
0.004815 0.0034932 0.00301543 0.171681 0.124552 0.107516 0.03852 0.0279456 0.0241234 0.03852 0.0279456 0.0241234 0.171681 0.124552 0.107516 
0.00257113 0.00167608 0.00144684 0.18335 0.119523 0.103175 0.0411381 0.0268173 0.0231494 0.0411381 0.0268173 0.0231494 0.18335 0.119523 0.103175 
0.0013652 0.000799666 0.000690293 0.194707 0.11405 0.0984508 0.0436863 0.0255893 0.0220894 0.0436863 0.0255893 0.0220894 0.194707 0.11405 0.0984508 
0.000721787 0.000379896 0.000327936 0.205885 0.108363 0.0935417 0.0461944 0.0243133 0.0209879 0.0461944 0.0243133 0.0209879 0.205885 0.108363 0.0935417 
0.000380251 0.000179833 0.000155237 0.216929 0.102592 0.0885604 0.0486722 0.0230186 0.0198703 0.0486722 0.0230186 0.0198703 0.216929 0.102592 0.0885604 
0.000199683 8.48558e-05 7.32498e-05 0.227833 0.0968183 0.0835761 0.0511188 0.0217231 0.0187519 0.0511188 0.0217231 0.0187519 0.227833 0.0968183 0.0835761 
0.000104546 3.99201e-05 3.44601e-05 0.238569 0.0910955 0.0786361 0.0535276 0.0204391 0.0176436 0.0535276 0.0204391 0.0176436 0.238569 0.0910955 0.0786361 
5.45795e-05 1.87264e-05 1.61652e-05 0.249095 0.0854656 0.0737762 0.0558894 0.0191759 0.0165531 0.0558894 0.0191759 0.0165531 0.249095 0.0854656 0.0737762 
2.84151e-05 8.76029e-06 7.56212e-06 0.259368 0.0799621 0.0690254 0.0581942 0.0179411 0.0154872 0.0581942 0.0179411 0.0154872 0.259368 0.0799621 0.0690254 
1.4754e-05 4.08715e-06 3.52814e-06 0.269343 0.0746133 0.0644082 0.0604323 0.016741 0.0144513 0.0604323 0.016741 0.0144513 0.269343 0.0746133 0.0644082 
7.64097e-06 1.90196e-06 1.64183e-06 0.278981 0.069443 0.059945 0.0625948 0.0155809 0.0134498 0.0625948 0.0155809 0.0134498 0.278981 0.069443 0.059945 
1.31552e-07 1.35778e-06 1.17207e-06 0.0123574 0.127543 0.110099 0.0123574 0.127543 0.110099 0.0123574 0.127543 0.110099 0.0123574 0.127543 0.110099 
7.27964e-08 6.75124e-07 5.82785e-07 0.0136762 0.126836 0.109488 0.0136762 0.126836 0.109488 0.0136762 0.126836 0.109488 0.0136762 0.126836 0.109488 
4.0259e-08 3.3549e-07 2.89604e-07 0.0151269 0.126057 0.108816 0.0151269 0.126057 0.108816 0.0151269 0.126057 0.108816 0.0151269 0.126057 0.108816 
1.89126e-07 1.41616e-06 1.22246e-06 0.0167205 0.125201 0.108077 0.0167205 0.125201 0.108077 0.0167205 0.125201 0.108077 0.0167205 0.125201 0.108077 
1.09573e-05 9.12322e-05 7.87541e-05 0.0151364 0.126028 0.108791 0.0151364 0.126028 0.108791 0.0151364 0.126028 0.108791 0.0151364 0.126028 0.108791 
1.38791e-06 1.15559e-05 1.86208e-05 0.0109922 0.0915233 0.147477 0.0109922 0.0915233 0.147477 0.0109922 0.0915233 0.147477 0.0109922 0.0915233 0.147477 
5.58489e-07 5.82995e-06 9.39412e-06 0.00884648 0.0923465 0.148803 0.00884648 0.0923465 0.148803 0.00884648 0.0923465 0.148803 0.00884648 0.0923465 0.148803 
3.50845e-07 4.59165e-06 7.39879e-06 0.00555739 0.0727319 0.117197 0.0086567 0.113294 0.182557 0.00555739 0.0727319 0.117197 0.0086567 0.113294 0.182557 
1.40731e-07 2.30913e-06 3.72083e-06 0.00445836 0.0731532 0.117876 0.00694475 0.11395 0.183614 0.00445836 0.0731532 0.117876 0.00694475 0.11395 0.183614 
5.63852e-08 1.15992e-06 1.86905e-06 0.00357257 0.0734927 0.118423 0.00556497 0.114479 0.184466 0.00357257 0.0734927 0.118423 0.00556497 0.114479 0.184466 
2.25705e-08 5.82114e-07 9.37993e-07 0.00286013 0.0737656 0.118863 0.00445521 0.114904 0.185152 0.00286013 0.0737656 0.118863 0.00445521 0.114904 0.185152 
9.02806e-09 2.91922e-07 4.7039e-07 0.00228807 0.0739847 0.119216 0.00356412 0.115245 0.185702 0.00228807 0.0739847 0.119216 0.00356412 0.115245 0.185702 
3.60902e-09 1.46307e-07 2.35753e-07 0.00182935 0.0741604 0.119499 0.00284956 0.115519 0.186142 0.00182935 0.0741604 0.119499 0.00284956 0.115519 0.186142 
1.44204e-09 7.32925e-08 1.181e-07 0.00146189 0.0743011 0.119726 0.00227717 0.115738 0.186496 0.00146189 0.0743011 0.119726 0.00227717 0.115738 0.186496 
1.15195e-09 7.34036e-08 1.18279e-07 0.0011678 0.0744138 0.119907 0.00181907 0.115914 0.186778 0.0011678 0.0744138 0.119907 0.00181907 0.115914 0.186778 
9.19926e-10 7.34925e-08 1.18423e-07 0.000932586 0.0745038 0.120052 0.00145268 0.116054 0.187004 0.000932586 0.0745038 0.120052 0.00145268 0.116054 0.187004 
7.3446e-10 7.35635e-08 1.18537e-07 0.000744567 0.0745758 0.120168 0.00115981 0.116166 0.187185 0.000744567 0.0745758 0.120168 0.00115981 0.116166 0.187185 
6.05634e-06 4.53104e-05 3.91132e-05 0.0167324 0.125183 0.108062 0.0167324 0.125183 0.108062 0.0167324 0.125183 0.108062 0.0167324 0.125183 0.108062 
7.685e-07 5.74952e-06 9.26453e-06 0.0121731 0.0910726 0.14675 0.0121731 0.0910726 0.14675 0.0121731 0.0910726 0.14675 0.0121731 0.0910726 0.14675 
3.09538e-07 2.9034e-06 4.67841e-06 0.00980618 0.0919797 0.148212 0.00980618 0.0919797 0.148212 0.00980618 0.0919797 0.148212 0.00980618 0.0919797 0.148212 
1.24435e-07 1.46332e-06 2.35793e-06 0.00788422 0.0927161 0.149399 0.00788422 0.0927161 0.149399 0.00788422 0.0927161 0.149399 0.00788422 0.0927161 0.149399 
2.0021e-08 3.70077e-07 5.96326e-07 0.00507414 0.0937925 0.151133 0.00507414 0.0937925 0.151133 0.00507414 0.0937925 0.151133 0.00507414 0.0937925 0.151133 
8.01752e-09 1.85802e-07 2.99393e-07 0.00406393 0.0941794 0.151757 0.00406393 0.0941794 0.151757 0.00406393 0.0941794 0.151757 0.00406393 0.0941794 0.151757 
6.41603e-09 1.86415e-07 3.00381e-07 0.00325216 0.0944902 0.152257 0.00325216 0.0944902 0.152257 0.00325216 0.0944902 0.152257 0.00325216 0.0944902 0.152257 
7.32462e-10 2.12814e-08 6.40116e-08 0.00212862 0.0618462 0.186025 0.00212862 0.0618462 0.186025 0.00212862 0.0618462 0.186025 0.00212862 0.0618462 0.186025 
5.85234e-10 2.13181e-08 6.41221e-08 0.00170076 0.061953 0.186346 0.00170076 0.061953 0.186346 0.00170076 0.061953 0.186346 0.00170076 0.061953 0.186346 
8.31083e-08 2.99071e-06 2.58166e-06 0.00367378 0.132203 0.114121 0.00367378 0.132203 0.114121 0.00367378 0.132203 0.114121 0.00367378 0.132203 0.114121 
1.32451e-09 9.39289e-08 1.51353e-07 0.00134274 0.0952215 0.153436 0.00134274 0.0952215 0.153436 0.00134274 0.0952215 0.153436 0.00134274 0.0952215 0.153436 
0 1.06944e-08 3.21675e-08 0.000876514 0.0621586 0.186965 0.000876514 0.0621586 0.186965 0.000876514 0.0621586 0.186965 0.000876514 0.0621586 0.186965 
2.24339e-07 2.93602e-06 4.73098e-06 0.00710708 0.0930133 0.149878 0.00710708 0.0930133 0.149878 0.00710708 0.0930133 0.149878 0.00710708 0.0930133 0.149878 
8.99867e-08 1.47651e-06 2.37919e-06 0.00570157 0.0935519 0.150746 0.00570157 0.0935519 0.150746 0.00570157 0.0935519 0.150746 0.00570157 0.0935519 0.150746 
3.6054e-08 7.41681e-07 1.19511e-06 0.00456877 0.0939859 0.151445 0.00456877 0.0939859 0.151445 0.00456877 0.0939859 0.151445 0.00456877 0.0939859 0.151445 
2.27415e-08 5.86524e-07 9.45099e-07 0.00443354 0.114345 0.184251 0.0028818 0.0743244 0.119763 0.0028818 0.0743244 0.119763 0.00443354 0.114345 0.184251 
9.09645e-09 2.94133e-07 4.73953e-07 0.00354678 0.114685 0.184798 0.00230541 0.0745452 0.120119 0.00230541 0.0745452 0.120119 0.00354678 0.114685 0.184798 
3.63637e-09 1.47416e-07 2.37539e-07 0.0028357 0.114957 0.185237 0.0018432 0.0747222 0.120404 0.0018432 0.0747222 0.120404 0.0028357 0.114957 0.185237 
1.45297e-09 7.38478e-08 1.18995e-07 0.0022661 0.115175 0.185589 0.00147296 0.074864 0.120633 0.00147296 0.074864 0.120633 0.0022661 0.115175 0.185589 
1.16067e-09 7.39597e-08 1.19175e-07 0.00181022 0.11535 0.18587 0.00117665 0.0749775 0.120816 0.00117665 0.0749775 0.120816 0.00181022 0.11535 0.18587 
9.26895e-10 7.40492e-08 1.1932e-07 0.00144562 0.11549 0.186095 0.000939651 0.0750683 0.120962 0.000939651 0.0750683 0.120962 0.00144562 0.11549 0.186095 
7.40024e-10 7.41208e-08 1.19435e-07 0.00115417 0.115601 0.186275 0.000750208 0.0751408 0.121079 0.000750208 0.0751408 0.121079 0.00115417 0.115601 0.186275 
3.21558e-06 4.68351e-05 4.04293e-05 0.00888399 0.129396 0.111698 0.00888399 0.129396 0.111698 0.00888399 0.129396 0.111698 0.00888399 0.129396 0.111698 
4.04323e-07 5.88898e-06 9.48925e-06 0.00640449 0.0932816 0.15031 0.00640449 0.0932816 0.15031 0.00640449 0.0932816 0.15031 0.00640449 0.0932816 0.15031 
1.6209e-07 2.95986e-06 4.76939e-06 0.00513501 0.0937685 0.151095 0.00513501 0.0937685 0.151095 0.00513501 0.0937685 0.151095 0.00513501 0.0937685 0.151095 
2.07731e-08 7.47532e-07 1.20454e-06 0.00263237 0.0947274 0.15264 0.00263237 0.0947274 0.15264 0.00263237 0.0947274 0.15264 0.00263237 0.0947274 0.15264 
2.36943e-09 8.52654e-08 2.56467e-07 0.00172146 0.0619478 0.186331 0.00172146 0.0619478 0.186331 0.00172146 0.0619478 0.186331 0.00172146 0.0619478 0.186331 
1.89254e-09 8.53844e-08 2.56825e-07 0.00137498 0.0620342 0.186591 0.00137498 0.0620342 0.186591 0.00137498 0.0620342 0.186591 0.00137498 0.0620342 0.186591 
6.47273e-06 1.93793e-05 1.67288e-05 0.038001 0.113775 0.0982135 0.038001 0.113775 0.0982135 0.038001 0.113775 0.0982135 0.038001 0.113775 0.0982135 
3.54106e-06 9.52638e-06 8.22343e-06 0.0415787 0.111858 0.0965584 0.0415787 0.111858 0.0965584 0.0415787 0.111858 0.0965584 0.0415787 0.111858 0.0965584 
1.93413e-06 4.67545e-06 4.03597e-06 0.0454207 0.109797 0.0947797 0.0454207 0.109797 0.0947797 0.0454207 0.109797 0.0947797 0.0454207 0.109797 0.0947797 
0.258706 0.258706 0.187107 0.0271259 0.0271259 0.0196186 0.0271259 0.0271259 0.0196186 0.0271259 0.0271259 0.0196186 0.0271259 0.0271259 0.0196186 
0.270349 0.270349 0.163821 0.0283467 0.0283467 0.017177 0.0283467 0.0283467 0.017177 0.0283467 0.0283467 0.017177 0.0283467 0.0283467 0.017177 
0.280942 0.280942 0.142634 0.0294575 0.0294575 0.0149555 0.0294575 0.0294575 0.0149555 0.0294575 0.0294575 0.0149555 0.0294575 0.0294575 0.0149555 
0.290479 0.290479 0.12356 0.0304574 0.0304574 0.0129556 0.0304574 0.0304574 0.0129556 0.0304574 0.0304574 0.0129556 0.0304574 0.0304574 0.0129556 
0.298982 0.298982 0.106554 0.031349 0.031349 0.0111724 0.031349 0.031349 0.0111724 0.031349 0.031349 0.0111724 0.031349 0.031349 0.0111724 
0.306499 0.306499 0.0915196 0.0321372 0.0321372 0.00959605 0.0321372 0.0321372 0.00959605 0.0321372 0.0321372 0.00959605 0.0321372 0.0321372 0.00959605 
0.313095 0.313095 0.0783287 0.0328287 0.0328287 0.00821294 0.0328287 0.0328287 0.00821294 0.0328287 0.0328287 0.00821294 0.0328287 0.0328287 0.00821294 
0.318843 0.318843 0.0668316 0.0334315 0.0334315 0.00700745 0.0334315 0.0334315 0.00700745 0.0334315 0.0334315 0.00700745 0.0334315 0.0334315 0.00700745 
0.323825 0.323825 0.0568689 0.0339538 0.0339538 0.00596284 0.0339538 0.0339538 0.00596284 0.0339538 0.0339538 0.00596284 0.0339538 0.0339538 0.00596284 
0.018828 0.0136594 0.0117911 0.101597 0.0737072 0.063626 0.101597 0.0737072 0.063626 0.101597 0.0737072 0.063626 0.101597 0.0737072 0.063626 
0.0556261 0.0403558 0.0291871 0.0971954 0.0705137 0.0509986 0.0971954 0.0705137 0.0509986 0.0971954 0.0705137 0.0509986 0.0971954 0.0705137 0.0509986 
0.141541 0.102686 0.0622237 0.0800829 0.0580988 0.0352056 0.0800829 0.0580988 0.0352056 0.0800829 0.0580988 0.0352056 0.0800829 0.0580988 0.0352056 
0.275617 0.199956 0.101517 0.0504954 0.0366336 0.0185988 0.0504954 0.0366336 0.0185988 0.0504954 0.0366336 0.0185988 0.0504954 0.0366336 0.0185988 
0.28371 0.205827 0.0875522 0.0519781 0.0377093 0.0160403 0.0519781 0.0377093 0.0160403 0.0519781 0.0377093 0.0160403 0.0519781 0.0377093 0.0160403 
0.290866 0.211019 0.0752048 0.0532891 0.0386604 0.0137782 0.0532891 0.0386604 0.0137782 0.0532891 0.0386604 0.0137782 0.0532891 0.0386604 0.0137782 
0.000473994 0.000249476 0.000180432 0.0880322 0.0463337 0.0335106 0.173924 0.091541 0.0662065 0.173924 0.091541 0.0662065 0.0880322 0.0463337 0.0335106 
0.000249124 0.000117819 8.52117e-05 0.092537 0.0437636 0.0316518 0.182824 0.0864633 0.0625341 0.182824 0.0864633 0.0625341 0.092537 0.0437636 0.0316518 
0.000130537 5.5472e-05 4.01198e-05 0.0969755 0.04121 0.0298049 0.191593 0.0814181 0.0588852 0.191593 0.0814181 0.0588852 0.0969755 0.04121 0.0298049 
6.82006e-05 2.60418e-05 1.88346e-05 0.101332 0.0386928 0.0279844 0.200201 0.076445 0.0552884 0.200201 0.076445 0.0552884 0.101332 0.0386928 0.0279844 
3.55329e-05 1.21915e-05 8.81741e-06 0.105589 0.0362281 0.0262017 0.208611 0.0715753 0.0517664 0.208611 0.0715753 0.0517664 0.105589 0.0362281 0.0262017 
1.84629e-05 5.69204e-06 4.11674e-06 0.109728 0.0338288 0.0244665 0.216789 0.0668352 0.0483382 0.216789 0.0668352 0.0483382 0.109728 0.0338288 0.0244665 
0.00395726 0.00932783 0.00805203 0.0453766 0.106959 0.09233 0.0453766 0.106959 0.09233 0.0453766 0.106959 0.09233 0.0453766 0.106959 0.09233 
0.00165742 0.00489805 0.00422813 0.0380102 0.112329 0.0969652 0.0380102 0.112329 0.0969652 0.0380102 0.112329 0.0969652 0.0380102 0.112329 0.0969652 
0.000685915 0.00254135 0.00219376 0.0314606 0.116563 0.100621 0.0314606 0.116563 0.100621 0.0314606 0.116563 0.100621 0.0314606 0.116563 0.100621 
0.000281501 0.00130761 0.00112877 0.0258231 0.119952 0.103546 0.0258231 0.119952 0.103546 0.0258231 0.119952 0.103546 0.0258231 0.119952 0.103546 
0.000114825 0.000668714 0.000577252 0.0210666 0.122687 0.105906 0.0210666 0.122687 0.105906 0.0210666 0.122687 0.105906 0.0210666 0.122687 0.105906 
4.66206e-05 0.000340398 0.00029384 0.0171067 0.124903 0.10782 0.0171067 0.124903 0.10782 0.0171067 0.124903 0.10782 0.0171067 0.124903 0.10782 
1.88604e-05 0.000172649 0.000149035 0.0138411 0.126702 0.109372 0.0138411 0.126702 0.109372 0.0138411 0.126702 0.109372 0.0138411 0.126702 0.109372 
7.60828e-06 8.7318e-05 7.53753e-05 0.0111669 0.12816 0.110631 0.0111669 0.12816 0.110631 0.0111669 0.12816 0.110631 0.0111669 0.12816 0.110631 
3.0622e-06 4.40611e-05 3.80347e-05 0.00898899 0.12934 0.11165 0.00898899 0.12934 0.11165 0.00898899 0.12934 0.11165 0.00898899 0.12934 0.11165 
1.23024e-06 2.2193e-05 1.91576e-05 0.00722266 0.130294 0.112473 0.00722266 0.130294 0.112473 0.00722266 0.130294 0.112473 0.00722266 0.130294 0.112473 
4.93528e-07 1.1162e-05 9.63534e-06 0.00579494 0.131063 0.113137 0.00579494 0.131063 0.113137 0.00579494 0.131063 0.113137 0.00579494 0.131063 0.113137 
1.97753e-07 5.60737e-06 4.84043e-06 0.00464399 0.131682 0.113671 0.00464399 0.131682 0.113671 0.00464399 0.131682 0.113671 0.00464399 0.131682 0.113671 
7.91639e-08 2.81428e-06 2.42936e-06 0.00371813 0.13218 0.114101 0.00371813 0.13218 0.114101 0.00371813 0.13218 0.114101 0.00371813 0.13218 0.114101 
3.16667e-08 1.41139e-06 1.21835e-06 0.00297461 0.132579 0.114446 0.00297461 0.132579 0.114446 0.00297461 0.132579 0.114446 0.00297461 0.132579 0.114446 
1.26595e-08 7.074e-07 6.10647e-07 0.00237834 0.132899 0.114722 0.00237834 0.132899 0.114722 0.00237834 0.132899 0.114722 0.00237834 0.132899 0.114722 
5.05847e-09 3.54382e-07 3.05912e-07 0.00190067 0.133156 0.114944 0.00190067 0.133156 0.114944 0.00190067 0.133156 0.114944 0.00190067 0.133156 0.114944 
2.02047e-09 1.77464e-07 1.53192e-07 0.00151835 0.133361 0.115121 0.00151835 0.133361 0.115121 0.00151835 0.133361 0.115121 0.00151835 0.133361 0.115121 
1.61355e-09 1.77683e-07 1.53381e-07 0.00121255 0.133525 0.115262 0.00121255 0.133525 0.115262 0.00121255 0.133525 0.115262 0.00121255 0.133525 0.115262 
1.28826e-09 1.77857e-07 1.53531e-07 0.000968105 0.133656 0.115376 0.000968105 0.133656 0.115376 0.000968105 0.133656 0.115376 0.000968105 0.133656 0.115376 
