0.25 0.25 0.25 0.25 
0.452055 0.0913242 0.182648 0.273973 
0.636387 0.0259723 0.103889 0.233751 
0.77112 0.00635779 0.0508623 0.17166 
0.744645 0.00281125 0.0374833 0.215061 
0.706795 0.00122183 0.0271517 0.264831 
0.617357 0.011537 0.0769132 0.294193 
0.836025 0.000637623 0.0170033 0.146335 
0.804533 0.000280967 0.0124874 0.182699 
0.765333 0.000122385 0.00906554 0.225479 
0.718733 5.26272e-05 0.00649719 0.274717 
0.809508 1.19745e-05 0.00295668 0.187524 
0.767265 5.19695e-06 0.00213866 0.230592 
0.718371 2.22802e-06 0.00152813 0.280098 
0.808298 5.06449e-07 0.000694717 0.191007 
0.764974 2.19471e-07 0.000501762 0.234524 
0.715182 9.39534e-08 0.000358 0.28446 
0.805633 2.1381e-08 0.00016294 0.194204 
0.761675 9.25607e-09 0.000117564 0.238207 
0.711309 3.95805e-09 8.37874e-05 0.288607 
0.826984 0.0138413 0.0790931 0.0800818 
0.791908 0.0251831 0.0908862 0.0920223 
0.747615 0.0451716 0.102963 0.10425 
0.690894 0.0793145 0.114182 0.115609 
0.618338 0.134872 0.122629 0.124162 
0.528159 0.218883 0.125693 0.127265 
0.423344 0.333346 0.120899 0.12241 
0.313897 0.469615 0.107572 0.108916 
0.587768 0.0879349 0.161141 0.163156 
0.763809 0.0230853 0.0846077 0.128498 
0.859674 0.0014319 0.0229104 0.115984 
0.665416 2.23101e-05 0.00459056 0.329971 
0.606565 9.3122e-06 0.00319348 0.390232 
0.663359 9.42072e-07 0.0010769 0.335563 
0.603311 3.92322e-07 0.000747451 0.395941 
0.874149 6.16725e-05 0.005482 0.120308 
0.845042 2.72992e-05 0.00404433 0.150886 
0.845115 1.15642e-06 0.000951783 0.153932 
0.874459 1.10688e-07 0.000303669 0.125237 
0.84312 4.88669e-08 0.000223443 0.156656 
0.840617 2.06372e-09 5.24238e-05 0.159331 
0.8026 9.02229e-10 3.81983e-05 0.197362 
0.758113 3.90227e-10 2.75356e-05 0.241859 
0.707252 1.66695e-10 1.96042e-05 0.292729 
0.891268 0.000631851 0.0200588 0.0880417 
0.871921 0.00117446 0.023548 0.103357 
0.849463 0.00217399 0.0275298 0.120833 
0.823419 0.00400395 0.0320229 0.140554 
0.793183 0.00732815 0.0370164 0.162472 
0.757944 0.0133049 0.0424463 0.186305 
0.71658 0.0238997 0.0481557 0.211365 
0.667571 0.0423038 0.0538347 0.236291 
0.609043 0.0733303 0.0589378 0.258689 
0.881221 1.21167e-05 0.00356164 0.115205 
0.860766 2.24873e-05 0.00417476 0.135037 
0.837433 4.15677e-05 0.00487391 0.157652 
0.811039 7.64895e-05 0.00566435 0.18322 
0.781464 0.000140031 0.00654936 0.211846 
0.748669 0.000254892 0.00752941 0.243547 
0.712716 0.000461039 0.00860139 0.278222 
0.900775 5.87872e-06 0.00174184 0.0974773 
0.875754 2.61707e-06 0.00129238 0.122951 
0.659455 3.96686e-08 0.000251922 0.340293 
0.598887 1.64958e-08 0.000174599 0.400938 
0.565793 2.43489e-07 0.000556673 0.43365 
0.520585 4.25664e-07 0.000614632 0.4788 
0.475037 7.37999e-07 0.000673027 0.52429 
0.4299 1.26897e-06 0.000730893 0.569368 
0.3859 2.16426e-06 0.000787303 0.613311 
0.6551 1.66915e-09 5.88901e-05 0.344841 
0.837967 0 1.22973e-05 0.162021 
0.799452 0 8.95347e-06 0.200539 
0.8973 0.000138254 0.00737355 0.0951879 
0.908503 0.00307186 0.0351069 0.0533186 
0.890296 0.00571956 0.0412841 0.0627002 
0.867782 0.0105924 0.0482881 0.0733375 
0.839363 0.0194664 0.056048 0.0851229 
0.802639 0.0353679 0.0643149 0.0976783 
0.754197 0.0631433 0.07252 0.11014 
0.689797 0.109728 0.0795931 0.120882 
0.605696 0.183065 0.0838668 0.127373 
0.501817 0.28817 0.08338 0.126633 
0.903196 0.00139837 0.0266357 0.0687699 
0.885192 0.00260394 0.0313256 0.0808789 
0.863783 0.00482784 0.0366816 0.0947074 
0.838118 0.00890034 0.04271 0.110272 
0.806963 0.016282 0.0493469 0.127408 
0.768533 0.0294626 0.0563962 0.145608 
0.720331 0.052468 0.0634309 0.163771 
0.659244 0.0912351 0.0696621 0.179859 
0.872465 4.67772e-09 7.12958e-05 0.127463 
0.650619 0 1.37631e-05 0.349367 
0.905763 1.15206e-06 0.00112881 0.0931068 
0.889007 2.14842e-06 0.00132951 0.109661 
0.8697 3.99334e-06 0.00156076 0.128736 
0.847609 7.39462e-06 0.00182534 0.150559 
0.900215 2.48851e-07 0.000409631 0.0993749 
0.91401 0.000587191 0.0339069 0.0514962 
0.907688 0.000267012 0.0256974 0.0663475 
0.895599 0.000120635 0.01935 0.0849307 
0.877515 5.41229e-05 0.0144689 0.107962 
0.853076 2.40924e-05 0.0107346 0.136165 
0.821897 1.06286e-05 0.00789275 0.1702 
0.783701 4.6406e-06 0.0057435 0.210551 
0.738471 2.00227e-06 0.00413023 0.257397 
0.86531 0.00144828 0.066207 0.0670346 
0.862319 0.000660867 0.0503518 0.086668 
0.850843 0.00029858 0.0379149 0.110944 
0.831023 0.000133534 0.0282611 0.140582 
0.890294 0.000290407 0.0439012 0.0655148 
0.871005 0.000539818 0.0515401 0.0769146 
0.848787 0.000999492 0.0602705 0.0899431 
0.823312 0.00184204 0.0701538 0.104692 
0.854614 0.000191207 0.0582569 0.0869381 
0.874471 0.000397169 0.0864351 0.0386967 
0.852823 0.000735939 0.101154 0.0452865 
0.828023 0.00135762 0.117855 0.0527635 
0.858363 0.000140737 0.097739 0.0437575 
0.842024 0.000280257 0.139024 0.0186722 
0.869672 2.89459e-05 0.114871 0.0154282 
0.921934 6.04599e-05 0.00639787 0.0716077 
0.907723 0.000113103 0.0075591 0.0846047 
0.891205 0.000210985 0.00890585 0.0996781 
0.8721 0.000392278 0.0104579 0.11705 
0.850121 0.000726545 0.0122332 0.13692 
0.871774 0.000925775 0.0355401 0.0917602 
0.856051 0.000416262 0.0266336 0.1169 
0.849858 9.59985e-09 0.000145156 0.149997 
0.83186 0.00696455 0.0639902 0.0971851 
0.84792 0.014411 0.094577 0.0430916 
0.814913 0.026315 0.109074 0.0496971 
0.862742 0.00278595 0.092381 0.0420911 
0.845279 0.00554099 0.131241 0.017939 
0.816835 0.0101736 0.152189 0.0208024 
0.782593 0.0185195 0.174971 0.0239164 
0.829409 0.00196274 0.148351 0.0202777 
0.784443 0.00376835 0.203446 0.00834258 
0.822051 0.000394901 0.17056 0.00699403 
0.904082 2.71482e-05 0.00478804 0.0911027 
0.887048 5.06097e-05 0.0056374 0.107264 
0.867422 9.4031e-05 0.0066152 0.125868 
0.844962 0.000174033 0.0077327 0.147131 
0.00552486 0.441989 0.331492 0.220994 
0.011236 0.0898876 0.539326 0.359551 
0.00020829 0.133306 0.599875 0.266611 
0.000161057 0.195845 0.556611 0.247383 
0.000120456 0.278301 0.499554 0.222024 
0.00019903 0.045984 0.660335 0.293482 
3.61622e-06 0.0668392 0.719864 0.213293 
2.90043e-06 0.101857 0.692851 0.205289 
2.28147e-06 0.152229 0.653993 0.193776 
3.29007e-06 0.0219528 0.754491 0.223553 
5.87851e-08 0.0313792 0.808848 0.159772 
4.8107e-08 0.0487906 0.794309 0.156901 
0.870283 1.97639e-10 1.67352e-05 0.1297 
0.754461 0 6.44839e-06 0.245532 
0.703125 0 4.58628e-06 0.296871 
0.796247 0 2.09846e-06 0.203751 
0.589389 0 9.51493e-06 0.410602 
0.92489 1.08821e-07 0.000355414 0.0747543 
0.911202 2.03699e-07 0.000420184 0.0883776 
0.895302 3.80275e-07 0.000495422 0.104203 
0.876939 7.07702e-07 0.000582313 0.122478 
0.855873 1.31233e-06 0.00068199 0.143443 
0.831893 2.42357e-06 0.000795458 0.167309 
0.804832 4.455e-06 0.000923499 0.19424 
0.774594 8.14648e-06 0.00106656 0.224331 
0.741177 1.48106e-05 0.00122466 0.257584 
0.704692 2.67548e-05 0.00139725 0.293884 
0.665381 4.79984e-05 0.00158317 0.332988 
0.623624 8.54738e-05 0.00178058 0.37451 
0.898702 1.05229e-08 9.62314e-05 0.101202 
0.903312 2.06135e-09 6.23377e-05 0.0966254 
0.886176 3.84226e-09 7.33861e-05 0.113751 
0.925182 2.56993e-06 0.00151083 0.0733044 
0.911541 4.81087e-06 0.00178627 0.0866683 
0.921948 0.00014274 0.0217509 0.0561582 
0.911493 6.46189e-05 0.0164112 0.0720316 
0.895817 2.90798e-05 0.0123089 0.0918445 
0.874497 1.29986e-05 0.00917009 0.11632 
0.847043 5.76514e-06 0.00677853 0.146173 
0.813011 2.53377e-06 0.00496525 0.182021 
0.772127 1.10186e-06 0.00359872 0.224273 
0.848954 2.44746e-07 0.0015987 0.149447 
0.813126 1.07338e-07 0.00116857 0.185706 
0.770774 4.65897e-08 0.000845358 0.22838 
0.898193 0.00109636 0.0399843 0.0607261 
0.89107 0.000498035 0.0302723 0.0781594 
0.877208 0.0002245 0.0227432 0.0998241 
0.856501 0.000100371 0.0169469 0.126452 
0.828711 4.44681e-05 0.0125136 0.158731 
0.904712 9.85489e-05 0.0198087 0.0753805 
0.887733 0.000183729 0.0233243 0.088759 
0.915021 0.000307897 0.00985269 0.0748189 
0.935362 0.000133962 0.00850551 0.0559984 
0.923339 0.000251256 0.0100754 0.0663344 
0.909238 0.000470096 0.0119059 0.0783856 
0.892739 0.000876974 0.0140278 0.0923559 
0.873465 0.00163028 0.0164699 0.108434 
0.850959 0.00301771 0.0192547 0.126768 
0.824636 0.0055563 0.0223909 0.147417 
0.824972 0.0013396 0.0142456 0.159443 
0.927469 0.000313599 0.0286719 0.0435454 
0.938143 0.000643931 0.0420526 0.0191602 
0.926267 0.00120798 0.0498243 0.0227012 
0.912046 0.00225992 0.0588712 0.0268232 
0.894888 0.00421308 0.0693165 0.0315823 
0.873938 0.00781746 0.0812325 0.0370116 
0.883714 0.00150193 0.0788555 0.0359285 
0.891566 0.000693837 0.0607139 0.0470267 
0.890261 0.00140643 0.0879062 0.0204267 
0.870303 0.0026123 0.103123 0.0239625 
0.846789 0.00482928 0.120404 0.0279781 
0.818927 0.00887372 0.139731 0.032469 
0.85521 0.000926688 0.116737 0.0271261 
0.823775 0.00181203 0.163047 0.0113661 
0.854994 0.00018807 0.135381 0.00943747 
0.80982 0.00036161 0.18593 0.00388839 
0.842062 3.76007e-05 0.154666 0.00323456 
0.582363 0.153131 0.0738457 0.19066 
0.0953618 0.00011285 0.0208982 0.883627 
0.116438 1.37791e-05 0.0204135 0.863135 
0.179743 4.2971e-06 0.0127321 0.80752 
0.266565 1.28742e-06 0.00762916 0.725805 
0.375693 3.6656e-07 0.00434441 0.619963 
0.916867 0.000431656 0.0568151 0.0258864 
0.922394 0.000198844 0.0436203 0.0337867 
0.922756 9.10856e-05 0.0333023 0.043851 
0.918071 4.14959e-05 0.0252859 0.0566021 
0.908243 1.87974e-05 0.0190906 0.0726477 
0.904852 4.87488e-08 0.00026536 0.0948828 
0.887954 9.08931e-08 0.000312486 0.111733 
0.868492 1.68912e-07 0.000366764 0.131141 
0.879608 0.00203997 0.0469883 0.0713635 
0.904567 0.000892901 0.0408073 0.0537333 
0.887081 0.00166372 0.0480221 0.0632335 
0.866503 0.00308773 0.0562898 0.0741199 
0.842196 0.00570213 0.0656529 0.0864489 
0.873242 0.000591232 0.0544585 0.0717085 
0.8869 0.00121897 0.0801998 0.0316811 
0.866559 0.00226293 0.0940325 0.0371454 
0.944846 0.000295526 0.0112581 0.0436007 
0.934346 0.00055526 0.0133596 0.0517394 
0.921882 0.00104092 0.0158177 0.0612591 
0.90705 0.00194593 0.0186759 0.0723282 
0.889306 0.00362494 0.0219727 0.085096 
0.86789 0.00672153 0.0257322 0.099656 
0.841691 0.0123854 0.0299465 0.115977 
0.857731 0.00377955 0.0549835 0.0835062 
0.901604 0.000806493 0.0670432 0.0305466 
0.889383 0.00161499 0.0958948 0.0131076 
0.869171 0.00299874 0.112459 0.0153717 
0.85421 0.00106391 0.127322 0.0174034 
0.814652 0.00205972 0.176068 0.00721988 
0.750125 0.00684664 0.233455 0.00957313 
0.711175 0.0123332 0.2656 0.0108913 
0.666895 0.021974 0.298875 0.0122558 
0.726467 0.00239368 0.260459 0.0106804 
0.878614 5.53176e-07 0.00216804 0.119217 
0.877966 2.34137e-08 0.000509802 0.121524 
0.847444 1.03483e-08 0.000375534 0.15218 
0.810823 4.53367e-09 0.000274207 0.188902 
0.876168 9.89705e-10 0.00011972 0.123713 
0.950328 6.52295e-05 0.0340791 0.0155273 
0.953656 2.99728e-05 0.0260988 0.0202152 
0.953834 1.3727e-05 0.0199212 0.0262314 
0.95091 6.26624e-06 0.0151564 0.0339275 
0.823649 0.00315756 0.0483526 0.12484 
0.862934 0.00671555 0.0734552 0.0568956 
0.836084 0.0123625 0.0854036 0.0661504 
0.872226 0.00128969 0.0712763 0.055208 
0.107727 0.00657292 0.131458 0.754242 
0.0910579 0.0105562 0.133341 0.765045 
0.0765722 0.016866 0.134555 0.772007 
0.0639972 0.0267829 0.134949 0.774271 
0.942489 0.000296219 0.0322415 0.0249731 
0.931581 0.000556302 0.038242 0.0296208 
0.918652 0.0010423 0.0452535 0.0350517 
0.903297 0.00194728 0.0533966 0.041359 
0.884975 0.00362478 0.0627762 0.0486241 
0.908172 0.000371979 0.0515373 0.0399189 
0.907246 0.000754347 0.0746528 0.017347 
0.895159 0.000268691 0.0848544 0.0197175 
0.871353 0.000530937 0.119767 0.008349 
0.849189 0.00098312 0.140064 0.00976395 
0.876221 0.000101442 0.115618 0.00805981 
0.836425 0.000196573 0.160032 0.00334678 
0.864837 2.03251e-05 0.132374 0.00276837 
0.817407 3.8997e-05 0.181416 0.0011382 
0.848413 4.04763e-06 0.150638 0.000945096 
0.794947 7.69887e-06 0.20466 0.000385208 
0.919443 0.000477677 0.0345653 0.0455141 
0.934817 4.85664e-05 0.0281146 0.0370201 
0.930792 2.21426e-05 0.0213636 0.047822 
0.922354 1.00471e-05 0.016156 0.0614803 
0.932094 0.000254868 0.0292008 0.0384503 
0.945098 2.58424e-05 0.0236865 0.0311894 
0.94166 1.17901e-05 0.0180108 0.040317 
0.934449 5.35727e-06 0.0136399 0.0519055 
0.0347799 0.113555 0.340666 0.510999 
0.0273312 0.169548 0.321248 0.481873 
0.0208124 0.245307 0.293552 0.440329 
0.0329077 0.0387868 0.371322 0.556983 
0.0622853 0.0148309 0.283964 0.63892 
0.109804 0.00528197 0.202266 0.682648 
0.1811 0.0017599 0.134786 0.682354 
0.278845 0.000547431 0.0838525 0.636755 
0.399064 0.000158272 0.0484864 0.552291 
0.529679 4.24393e-05 0.0260025 0.444276 
0.654367 1.05919e-05 0.0129792 0.332643 
0.0152331 0.246192 0.369288 0.369288 
0.0111248 0.341611 0.323632 0.323632 
0.0197565 0.0606665 0.459788 0.459788 
0.000388511 0.0954403 0.542503 0.361668 
0.000529834 0.0130157 0.591873 0.394582 
1.01234e-05 0.0198951 0.678527 0.301568 
8.33942e-06 0.0311392 0.670744 0.298108 
6.82554e-06 0.0484242 0.658779 0.29279 
8.90942e-06 0.00632084 0.687926 0.305745 
1.64956e-07 0.0093623 0.764206 0.226431 
1.36716e-07 0.0147431 0.760055 0.225202 
1.12959e-07 0.0231442 0.753574 0.223281 
1.44117e-07 0.00295283 0.769151 0.227896 
2.59665e-09 0.00425624 0.831497 0.164246 
1.78155e-09 0.0034069 0.855732 0.140861 
1.74616e-06 0.221372 0.600655 0.177972 
2.70706e-06 0.0343191 0.744952 0.220726 
3.89798e-08 0.075114 0.772327 0.152559 
3.11196e-08 0.113938 0.739907 0.146155 
2.43168e-08 0.169159 0.693795 0.137046 
3.56766e-08 0.0248183 0.814327 0.160855 
6.22854e-10 0.0346629 0.853007 0.11233 
5.08758e-10 0.0537952 0.836101 0.110104 
0.896943 4.44848e-10 2.26006e-05 0.103034 
0.868031 0 3.92789e-06 0.131965 
0.835254 0 2.88441e-06 0.164743 
0.75076 0 1.50997e-06 0.249239 
0.832499 0 6.76514e-07 0.1675 
0.793001 0 4.91792e-07 0.206999 
0.747018 0 3.53552e-07 0.252982 
0.829706 0 1.58661e-07 0.170294 
0.623851 2.48349e-08 0.000189262 0.37596 
0.580202 4.38849e-08 0.000211224 0.419587 
0.646089 0 3.21614e-06 0.353908 
0.584568 0 2.22072e-06 0.415429 
0.810626 0 2.48643e-05 0.18935 
0.822535 1.36342e-05 0.00212561 0.175326 
0.698956 0 1.07283e-06 0.301043 
0.641526 0 7.51471e-07 0.358473 
0.878095 9.1753e-10 4.62454e-05 0.121859 
0.857195 1.70182e-09 5.41737e-05 0.142751 
0.87598 0 1.08561e-05 0.124009 
0.923753 4.60366e-09 8.35322e-05 0.0761633 
0.947702 1.35729e-05 0.00689418 0.0453898 
0.936597 6.14214e-06 0.0051997 0.0581973 
0.921783 2.76797e-06 0.00390543 0.0743091 
0.902672 1.24116e-06 0.00291867 0.0944076 
0.911166 2.15711e-05 0.00728426 0.0815285 
0.891109 9.65987e-06 0.00543668 0.103444 
0.865601 4.29659e-06 0.00403028 0.130364 
0.772109 0.0473723 0.124014 0.056504 
0.8381 0.00514211 0.107691 0.0490667 
0.849744 0.00238726 0.083327 0.0645419 
0.785597 0.0161739 0.160852 0.037377 
0.830618 0.00171008 0.136056 0.0316153 
0.850825 0.000802085 0.106359 0.0420145 
0.830114 0.0015886 0.150466 0.0178314 
0.801974 0.00291601 0.174438 0.0206723 
0.836824 0.000304273 0.145615 0.0172565 
0.86228 0.000143563 0.114507 0.0230691 
0.832549 0.000185371 0.0197676 0.147498 
0.895246 4.0269e-05 0.00858839 0.0961249 
0.724431 4.73369e-07 0.00257674 0.272991 
0.857789 1.02612e-06 0.00253999 0.13967 
0.824059 4.51381e-07 0.00186219 0.174078 
0.78383 1.96595e-07 0.00135177 0.214818 
0.876614 0.000499937 0.0997156 0.0231708 
0.891772 0.000232877 0.0774147 0.0305809 
0.876177 0.000464473 0.110288 0.01307 
0.854732 0.000860899 0.129107 0.0153002 
0.880855 8.8721e-05 0.106442 0.0126142 
0.900216 4.15178e-05 0.0830175 0.016725 
0.929874 0.00023041 0.0480176 0.021878 
0.934539 0.000106033 0.0368289 0.0285263 
0.934011 0.000215125 0.0533717 0.0124019 
0.921708 0.000403354 0.0632024 0.0146863 
0.924892 7.69019e-05 0.0608839 0.0141475 
0.907216 0.000153127 0.0865943 0.00603654 
0.890594 0.000285611 0.102009 0.00711113 
0.794756 0.00332157 0.188764 0.0131588 
0.83079 0.000347217 0.157858 0.0110044 
0.779956 0.000661722 0.214888 0.004494 
0.746747 0.00120374 0.246886 0.00516318 
0.710177 0.0021751 0.281755 0.0058924 
0.755096 0.000231267 0.239661 0.00501207 
0.80906 0.0226199 0.0345427 0.133777 
0.767593 0.0407751 0.0393267 0.152305 
0.940541 5.70566e-06 0.00201258 0.0574404 
0.929484 1.07133e-05 0.0023867 0.0681181 
0.916551 2.00721e-05 0.00282419 0.0806044 
0.793621 1.94996e-05 0.00914547 0.197214 
0.834066 1.89571e-06 0.00296369 0.162968 
0.92023 1.27144e-05 0.0106781 0.069079 
0.935158 1.29207e-06 0.00868105 0.0561597 
0.921662 5.83092e-07 0.00652941 0.0718083 
0.849439 0.00171391 0.0415555 0.107291 
0.802817 0.0225542 0.0984066 0.0762221 
0.760802 0.0406103 0.111908 0.0866796 
0.823617 0.00439633 0.0969179 0.075069 
0.872738 0.000433022 0.0909149 0.0359138 
0.940938 0.000122711 0.0404908 0.0184486 
0.944878 5.64242e-05 0.0310303 0.0240349 
0.944461 0.00011449 0.044974 0.0104506 
0.955147 1.15786e-05 0.0363863 0.00845504 
0.944186 2.32348e-05 0.0521546 0.00363573 
0.933748 4.3658e-05 0.0618936 0.00431464 
0.92151 8.1863e-05 0.0732989 0.00510971 
0.910703 2.9206e-05 0.0834501 0.00581736 
0.880506 5.73222e-05 0.11699 0.00244664 
0.85992 0.000106366 0.137106 0.00286733 
0.788587 7.1482e-05 0.210024 0.00131768 
0.75656 0.0001303 0.241793 0.001517 
0.795357 1.36982e-05 0.203354 0.00127583 
0.950692 0.000649396 0.0148433 0.033815 
0.895691 8.98172e-06 0.00210625 0.102194 
0.877382 1.67164e-05 0.00247584 0.120126 
0.740779 0.0333071 0.198747 0.0271663 
0.688995 0.0588597 0.221825 0.0303207 
0.624427 0.101353 0.241244 0.0329751 
0.544846 0.168028 0.252598 0.034527 
0.688503 0.0212332 0.25536 0.0349045 
0.942839 0.000135687 0.0246145 0.0324113 
0.892254 0.00031795 0.0463701 0.0610581 
0.904284 0.00065414 0.0681431 0.0269184 
0.842733 0.00418135 0.109736 0.0433489 
0.814723 0.00768051 0.127307 0.0502897 
0.862146 0.000372157 0.0822484 0.0552336 
0.93179 0.000186714 0.048761 0.0192619 
0.919131 0.000349937 0.0577183 0.0228003 
0.934474 3.55778e-05 0.0469454 0.0185447 
0.924596 7.14594e-05 0.0673512 0.00798166 
0.910814 0.000133749 0.0796168 0.00943523 
0.89477 0.000249647 0.0938572 0.0111228 
0.898726 4.76426e-05 0.0905012 0.0107251 
0.915452 2.22213e-05 0.0703522 0.0141734 
0.793712 0.0101611 0.0258614 0.170266 
0.955584 2.98885e-05 0.00910888 0.035277 
0.944773 2.85076e-06 0.0114921 0.0437324 
0.914787 0.000217618 0.0262453 0.0587496 
0.899324 0.000406485 0.0309619 0.0693078 
0.881327 0.000756867 0.0364108 0.0815051 
0.860449 0.00140398 0.0426579 0.0954891 
0.836286 0.00259265 0.049752 0.111369 
0.808351 0.0047615 0.0577081 0.129179 
0.77602 0.008685 0.06648 0.148815 
0.738451 0.0157026 0.0759139 0.169932 
0.718272 0.041247 0.0954763 0.145005 
0.841992 0.00976802 0.0452209 0.103019 
0.906545 0.000866395 0.0814545 0.0111338 
0.875776 0.000574091 0.108781 0.014869 
0.908219 0.000124827 0.0657021 0.0259541 
0.915461 5.76136e-05 0.0505409 0.0339405 
0.90866 0.000170419 0.0393523 0.0518174 
0.922364 6.67218e-05 0.0556044 0.0219652 
0.928561 3.07568e-05 0.0427201 0.0286885 
0.944069 0.000131544 0.0490892 0.00670987 
0.933541 0.000247145 0.05825 0.00796205 
0.921138 0.000463338 0.0689713 0.00942752 
0.894453 0.000308597 0.0925838 0.0126551 
0.911156 0.000143944 0.0719756 0.0167249 
0.787287 0.000126909 0.208232 0.00435479 
0.895105 0 5.30742e-06 0.10489 
0.0905577 0.00253004 0.0843345 0.822578 
0.0765066 0.00406119 0.0854988 0.833933 
0.0941667 0.000499864 0.0841877 0.821146 
0.150439 0.000161328 0.054342 0.795058 
0.22993 4.98127e-05 0.033558 0.736462 
0.333309 1.45877e-05 0.019655 0.647021 
0.454479 4.01835e-06 0.0108284 0.534688 
0.900204 0.000107642 0.0596383 0.0400499 
0.0688629 0.0454213 0.272528 0.613188 
0.0565367 0.070853 0.268495 0.604115 
0.045657 0.108715 0.260193 0.585435 
0.0360364 0.163034 0.24644 0.55449 
0.0519943 0.0235229 0.284456 0.640027 
0.00116573 0.0421914 0.382657 0.573986 
0.00151257 0.00547444 0.397205 0.595808 
3.14436e-05 0.00910432 0.495432 0.495432 
3.96198e-05 0.00114717 0.499407 0.499407 
7.91882e-07 0.00183428 0.598899 0.399266 
6.59196e-07 0.00290117 0.598259 0.398839 
5.48402e-07 0.00458576 0.597248 0.398165 
6.88264e-07 0.00057553 0.599654 0.39977 
1.32318e-08 0.000885157 0.691695 0.30742 
1.10208e-08 0.00140077 0.691338 0.307261 
9.17648e-09 0.00221608 0.690773 0.30701 
0.003663 0.556777 0.263736 0.175824 
0.00891266 0.135472 0.513369 0.342246 
0.000242943 0.0295418 0.671687 0.298528 
4.44901e-06 0.04328 0.738038 0.218678 
4.80105e-06 0.00887388 0.764579 0.226542 
8.62779e-08 0.0127575 0.824398 0.162844 
7.13672e-08 0.0200502 0.818309 0.161641 
6.28154e-08 0.00637081 0.829732 0.163898 
1.10494e-09 0.00896516 0.875714 0.11532 
7.52593e-10 0.00712402 0.894693 0.098183 
0.0241522 0.0390339 0.468407 0.468407 
0.0478095 0.0156097 0.374632 0.561948 
0.0880625 0.00580852 0.278809 0.62732 
0.151289 0.00201594 0.19353 0.653164 
0.241774 0.000650838 0.124961 0.632615 
0.357761 0.000194559 0.0747107 0.567334 
0.488861 5.3708e-05 0.0412477 0.469838 
0.618586 1.37293e-05 0.0210882 0.360312 
0.731639 3.2805e-06 0.0100777 0.25828 
0.819998 7.42764e-07 0.00456354 0.175438 
0.780142 3.23577e-07 0.00331343 0.216545 
0.733485 1.39303e-07 0.00237744 0.264137 
0.680424 5.91719e-08 0.00168311 0.317893 
0.865737 0 9.21858e-07 0.134262 
0.863408 0 2.16346e-07 0.136592 
0.789715 0 1.15248e-07 0.210285 
0.743239 0 8.27761e-08 0.256761 
0.866451 7.1378e-09 8.61032e-05 0.133463 
0.843911 1.3209e-08 0.000100636 0.155989 
0.818363 2.43374e-08 0.000117107 0.18152 
0.885436 2.31318e-06 0.00343553 0.111126 
0.857049 4.34261e-08 0.000597187 0.142354 
0.822353 1.90796e-08 0.000437298 0.17721 
0.781264 8.29994e-09 0.000317053 0.218419 
0.9224 0 1.96278e-05 0.0775804 
0.908303 0 2.31934e-05 0.0916737 
0.489085 0.244347 0.0744213 0.192146 
0.384131 0.364633 0.0701411 0.181096 
0.617987 0.0586619 0.0902741 0.233077 
0.93933 6.18994e-05 0.0187149 0.0418929 
0.928029 0.000116194 0.0221876 0.0496667 
0.909215 4.53496e-06 0.0121539 0.0786265 
0.890951 2.03482e-06 0.00908904 0.0999584 
0.801018 0.012742 0.0739412 0.112298 
0.888513 0.00285532 0.0331385 0.0754936 
0.911109 0.0059437 0.0492727 0.0336748 
0.891549 0.0110506 0.0578579 0.0395423 
0.866065 0.020396 0.0674449 0.0460944 
0.831903 0.0372238 0.0777415 0.0531315 
0.785054 0.0667422 0.0880362 0.0601672 
0.862421 0.00733197 0.0773697 0.0528773 
0.901493 3.75104e-05 0.00333335 0.0951361 
0.884053 6.98909e-05 0.00392264 0.111955 
0.91934 5.27065e-05 0.0167741 0.0638328 
0.868129 0.000341376 0.0273711 0.104159 
0.845624 0.0006318 0.0319938 0.12175 
0.819946 0.00116397 0.0372268 0.141664 
0.790823 0.00213299 0.0430855 0.163959 
0.757981 0.00388437 0.0495554 0.188579 
0.721115 0.00702136 0.0565742 0.215289 
0.856371 3.10006e-05 0.00289986 0.140699 
0.767746 1.96565e-09 0.000198146 0.232056 
0.796348 0.00245693 0.0165016 0.184693 
0.76392 0.00447806 0.0189956 0.212606 
0.926359 4.78947e-05 0.00970404 0.0638893 
0.851307 0.00109513 0.0637087 0.0838888 
0.843494 0.00049685 0.0481736 0.107836 
0.877485 0.00104925 0.0726665 0.0487989 
0.94256 9.94062e-05 0.0411038 0.0162371 
0.944803 1.89321e-05 0.0395536 0.0156247 
0.936384 3.80897e-05 0.0568416 0.00673619 
0.938801 7.25573e-06 0.0547087 0.00648343 
0.919524 1.44267e-05 0.0776988 0.00276238 
0.90495 2.69762e-05 0.0917607 0.00326231 
0.888051 5.02977e-05 0.108057 0.00384167 
0.908423 5.14515e-06 0.0884283 0.00314384 
0.875148 1.00621e-05 0.123524 0.00131748 
0.853822 1.86521e-05 0.144617 0.00154245 
0.829558 3.44318e-05 0.168609 0.00179834 
0.802194 6.32624e-05 0.195656 0.00208682 
0.835275 6.58713e-06 0.16298 0.0017383 
0.778909 1.24695e-05 0.220373 0.000705132 
0.814952 1.30465e-06 0.184457 0.000590209 
0.923185 2.4235e-06 0.0102839 0.0665288 
0.907444 1.09078e-06 0.00771442 0.0848407 
0.886694 4.88044e-07 0.0057527 0.107553 
0.804377 0.001412 0.0360372 0.158174 
0.813282 0.0104621 0.0760787 0.100177 
0.778508 0.019028 0.087391 0.115073 
0.826107 0.00201914 0.0741873 0.0976866 
0.953319 6.08233e-05 0.0378298 0.00879047 
0.962345 6.13991e-06 0.0305504 0.00709896 
0.967305 2.82593e-06 0.023435 0.00925744 
0.962188 5.70628e-06 0.0338009 0.00400568 
0.954962 1.07605e-05 0.0402565 0.00477072 
0.94643 2.02623e-05 0.0478762 0.00567371 
0.927444 1.36191e-05 0.0648563 0.007686 
0.868574 9.34696e-05 0.126824 0.0045089 
0.846274 0.000173033 0.148281 0.00527176 
0.873227 1.78544e-05 0.122403 0.00435173 
0.0912544 0.0611204 0.42118 0.426445 
0.0745218 0.0948352 0.412742 0.417901 
0.0595469 0.143979 0.395764 0.400711 
0.0462006 0.212247 0.368473 0.373079 
0.0699303 0.0321262 0.446183 0.45176 
0.93869 3.94378e-05 0.0286092 0.0326611 
0.882523 0.000200502 0.0701604 0.0471159 
0.877995 0.00040493 0.10121 0.0203902 
0.856844 0.000750833 0.118527 0.0238788 
0.882577 7.73382e-05 0.097669 0.0196768 
0.715752 0.0834376 0.137955 0.0628556 
0.641783 0.142148 0.148437 0.0676318 
0.774302 0.01715 0.14327 0.0652775 
0.884699 0.00395861 0.0661402 0.0452027 
0.745205 0.0291503 0.183098 0.0425463 
0.802473 0.00313905 0.157735 0.0366528 
0.761717 0.00604863 0.2171 0.0151342 
0.724141 0.0109255 0.247668 0.0172651 
0.68134 0.0195314 0.279635 0.0194936 
0.63239 0.0344436 0.311455 0.0217117 
0.57614 0.0596219 0.340502 0.0237366 
0.659582 0.00682569 0.311853 0.0217395 
0.0952025 4.77202e-06 0.00490949 0.899883 
0.0806143 7.6775e-06 0.00498863 0.914389 
0.931883 2.81187e-05 0.0141692 0.0539197 
0.891864 3.50709e-05 0.0224955 0.0856051 
0.000689968 0.0650588 0.467126 0.467126 
0.000914354 0.00862166 0.495232 0.495232 
1.82092e-05 0.0137359 0.591748 0.394498 
1.50538e-05 0.0215757 0.587046 0.391364 
1.91792e-05 0.00274885 0.598339 0.398893 
3.68292e-07 0.00422283 0.689384 0.306393 
3.06156e-07 0.00666971 0.68769 0.30564 
2.54141e-07 0.0105195 0.685025 0.304455 
3.20628e-07 0.00132715 0.691389 0.307284 
5.95069e-09 0.00197049 0.769908 0.228121 
4.12579e-09 0.0015939 0.800702 0.197704 
2.84529e-09 0.00128241 0.828288 0.17043 
0.000294724 0.0188624 0.679045 0.301798 
5.42532e-06 0.0277776 0.749996 0.222221 
7.39725e-06 0.00997125 0.685399 0.304622 
5.85025e-09 0.00839064 0.70251 0.289099 
0 0.0123424 0.775029 0.212628 
0 0.0194024 0.769489 0.211108 
0 0.0303767 0.760878 0.208746 
1.07162e-05 0.00400142 0.68953 0.306458 
1.98632e-07 0.0059335 0.766851 0.227215 
1.14531e-07 0.00758377 0.795898 0.196518 
9.50221e-08 0.0119547 0.792393 0.195653 
7.86367e-08 0.0187973 0.786905 0.194298 
5.44138e-08 0.0151749 0.816766 0.168059 
8.63615e-05 0.379106 0.42979 0.191018 
0.000161531 0.0709083 0.643106 0.285825 
3.98028e-06 0.013978 0.760643 0.225376 
4.91203e-08 0.0161001 0.844833 0.139067 
3.36471e-08 0.0128665 0.868058 0.119075 
2.29525e-08 0.0102398 0.888225 0.101535 
1.56012e-08 0.00812019 0.905611 0.0862684 
1.05719e-08 0.00641959 0.920508 0.0730729 
0.694753 0 2.50938e-07 0.305247 
0.636937 0 1.75569e-07 0.363063 
0.826876 0 3.72084e-08 0.173124 
0.898029 0 8.07543e-07 0.10197 
0.88008 0 9.49683e-07 0.119919 
0.794334 2.50168e-05 0.00246328 0.203178 
0.891945 0 2.73308e-05 0.108027 
0.846235 3.12707e-07 0.000428838 0.153336 
0.820987 5.76417e-07 0.000499252 0.178513 
0.792609 1.05734e-06 0.000578394 0.206812 
0.940141 1.02323e-08 0.000111398 0.0597474 
0.929019 1.92114e-08 0.000132096 0.0708487 
0.916015 3.59908e-08 0.000156296 0.0838284 
0.951864 5.77435e-07 0.00162945 0.0465055 
0.939238 2.60897e-07 0.00122703 0.0595345 
0.924865 1.15239e-05 0.00616148 0.0689619 
0.907583 5.17813e-06 0.00461432 0.0877973 
0.885787 9.80186e-08 0.000808759 0.113405 
0.923163 1.17419e-07 0.000920392 0.0759163 
0.937884 2.55214e-05 0.00818731 0.0539034 
0.939759 1.6383e-05 0.0360294 0.0241954 
0.93736 3.31726e-05 0.0521092 0.0104981 
0.92574 6.22467e-05 0.0617559 0.0124416 
0.912153 0.000116533 0.0730194 0.0147108 
0.896332 0.000217572 0.0861035 0.0173467 
0.913657 1.92946e-05 0.0643015 0.0220225 
0.831859 0.000768547 0.0310571 0.136315 
0.805469 0.00034075 0.0229496 0.171241 
0.770561 0.000149266 0.0167551 0.212534 
0.947151 5.6287e-05 0.0108342 0.0419588 
0.965272 0.000116449 0.0160101 0.0186013 
0.958536 0.000219708 0.0190781 0.0221658 
0.950508 0.00041395 0.0227019 0.0263761 
0.940922 0.000778572 0.0269676 0.0313321 
0.929433 0.00146123 0.031966 0.0371395 
0.943718 0.000148368 0.0259658 0.0301682 
0.905771 2.37778e-05 0.0126124 0.0815924 
0.889003 4.43415e-05 0.0148547 0.0960982 
0.86967 8.24167e-05 0.017438 0.11281 
0.847529 0.000152605 0.0203928 0.131926 
0.822364 0.00028134 0.0237448 0.15361 
0.793999 0.000516109 0.0275109 0.177974 
0.762316 0.000941478 0.0316958 0.205047 
0.924384 8.83443e-05 0.0664458 0.00908231 
0.936639 4.09887e-05 0.0513809 0.0119393 
0.823446 7.46418e-06 0.175446 0.00110074 
0.763626 1.40515e-05 0.235916 0.000444038 
0.801526 1.47489e-06 0.1981 0.000372861 
0.840886 7.0851e-07 0.158605 0.000507493 
0.785078 1.34282e-06 0.214714 0.000206108 
0.820341 1.40313e-07 0.179487 0.000172292 
0.856716 6.70976e-08 0.143051 0.000233438 
0.88605 0.000144575 0.0351417 0.0786641 
0.912027 0.000302092 0.0524493 0.0352221 
0.896071 0.000563933 0.061838 0.0415271 
0.855885 0.0019445 0.0850533 0.0571172 
0.830808 0.0035863 0.0990735 0.0665324 
0.864963 0.000170966 0.0629737 0.0718925 
0.875562 0.000351313 0.0924306 0.0316564 
0.854095 0.000651129 0.108197 0.0370563 
0.880181 6.71016e-05 0.0892015 0.0305505 
0.694489 0.0280588 0.0856734 0.191779 
0.642603 0.0493288 0.0951272 0.212941 
0.845102 4.37113e-10 8.81255e-05 0.15481 
0.807925 1.91347e-10 6.42952e-05 0.192011 
0.902256 4.94008e-05 0.0456172 0.0520779 
0.910308 0.000101179 0.0667352 0.022856 
0.894204 0.000188838 0.0786655 0.026942 
0.898135 3.6037e-05 0.0758509 0.025978 
0.936208 4.70918e-05 0.0560798 0.0076654 
0.946647 2.18035e-05 0.043275 0.0100558 
0.953581 1.00569e-05 0.0332676 0.0131416 
0.957388 4.62337e-06 0.0254898 0.0171176 
0.955664 9.36853e-06 0.0368936 0.00743272 
0.947259 1.76436e-05 0.0438829 0.00884081 
0.939738 6.31879e-06 0.0501518 0.0101038 
0.924151 1.26144e-05 0.0715138 0.00432223 
0.910334 2.3609e-05 0.0845335 0.00510913 
0.894282 4.4066e-05 0.0996514 0.00602284 
0.875738 8.19894e-05 0.117102 0.00707755 
0.854454 0.000151994 0.137107 0.00828664 
0.880169 1.56568e-05 0.112987 0.00682882 
0.796048 8.28471e-07 0.00215867 0.201793 
0.866005 1.82076e-07 0.000948837 0.133046 
0.793894 0.00578262 0.055927 0.144396 
0.877064 0.00129059 0.024964 0.0966811 
0.86035 2.16833e-07 0.00425979 0.13539 
0.827855 9.5537e-08 0.00312811 0.169017 
0.903761 2.61809e-07 0.00488619 0.0913525 
0.880852 1.16842e-07 0.00363441 0.115514 
0.867437 0.00529642 0.0388229 0.0884435 
0.866221 0.000268546 0.0412263 0.0922844 
0.917212 2.64314e-05 0.0386445 0.0441176 
0.924151 5.40617e-05 0.0564584 0.0193363 
0.959439 2.80295e-05 0.0290555 0.0114777 
0.9517 5.28264e-05 0.0345853 0.0136621 
0.830199 0.00028059 0.159858 0.0096617 
0.802779 0.000515514 0.185494 0.0112111 
0.836058 5.36884e-05 0.154547 0.00934069 
0.874074 0 2.81048e-05 0.125898 
0.08596 0.000168965 0.0594347 0.854436 
0.961019 5.33437e-06 0.0279392 0.0110367 
0.964237 2.45076e-06 0.0213935 0.0143667 
0.962781 4.96753e-06 0.0309736 0.00624006 
0.957369 1.7832e-06 0.035481 0.00714814 
0.946083 3.57721e-06 0.0508409 0.00307278 
0.935987 6.72417e-06 0.0603581 0.00364799 
0.768455 0.00656478 0.197926 0.027054 
0.616352 0.0385863 0.331469 0.0135923 
0.558422 0.0664233 0.360377 0.0147777 
0.645434 0.00767732 0.333225 0.0136643 
0.817106 0.0019635 0.170447 0.0104841 
0.0807462 0.000181553 0.0212343 0.897838 
0.098951 2.22485e-05 0.0208173 0.880209 
0.154411 7.01384e-06 0.0131253 0.832456 
0.232465 2.13319e-06 0.00798385 0.759549 
0.33399 6.19155e-07 0.00463461 0.661375 
0.954838 1.33044e-05 0.0397193 0.00542913 
0.940894 2.66135e-05 0.0567518 0.00232718 
0.929885 4.9974e-05 0.0673053 0.00275994 
0.916994 9.36343e-05 0.0796467 0.00326601 
0.901961 0.000174989 0.0940092 0.00385497 
0.884509 0.000326045 0.110628 0.00453645 
0.864347 0.000605365 0.129728 0.00531966 
0.841169 0.00111935 0.151499 0.00621241 
0.793588 0.000724334 0.197586 0.00810224 
0.860302 0.000164637 0.12475 0.0147839 
0.937341 8.60047e-05 0.0374341 0.0251387 
0.925685 0.000161377 0.0443623 0.0297913 
0.928543 1.18627e-05 0.0594652 0.0119801 
0.938422 5.48965e-06 0.0458642 0.0157079 
0.867045 9.06736e-07 0.00675027 0.126203 
0.053068 0.042197 0.134283 0.770451 
0.0679422 0.00540243 0.137537 0.789118 
0.847282 0.000214222 0.146496 0.00600725 
0.797255 0.000409194 0.199877 0.00245886 
0.765976 0.000746966 0.230442 0.00283487 
0.731362 0.0013551 0.264034 0.00324812 
0.693447 0.00244122 0.300416 0.00369568 
0.652338 0.00436334 0.339127 0.0041719 
0.608191 0.0077293 0.379412 0.00466748 
0.56118 0.0135505 0.420102 0.00516804 
0.511442 0.0234641 0.459442 0.005652 
0.577337 0.00264872 0.41491 0.00510417 
0.76991 0.00531891 0.200956 0.023815 
0.733428 0.00962706 0.229721 0.0272238 
0.691878 0.0172552 0.260049 0.0308178 
0.644385 0.0305344 0.290637 0.0344429 
0.710064 0.00336466 0.256208 0.0303628 
0.941085 1.20279e-06 0.00336718 0.0555467 
0.720426 0.116371 0.0969465 0.0662568 
0.835155 0.0134903 0.0899083 0.0614467 
0.910557 0.000165343 0.0785423 0.0107357 
0.86947 0.000115701 0.125277 0.00513714 
0.894706 5.45167e-05 0.0983811 0.00685821 
0.91417 2.5506e-05 0.0767137 0.00909119 
0.820935 0.000318918 0.17261 0.0061367 
0.79238 0.000584868 0.199927 0.0071079 
0.827062 6.10467e-05 0.166942 0.0059352 
0.771633 0.000115619 0.225843 0.00240878 
0.737872 0.000210065 0.259154 0.00276407 
0.903244 7.75689e-05 0.029853 0.0668255 
0.927294 7.40221e-05 0.0339143 0.0387175 
0.913957 0.000138619 0.0401118 0.0457927 
0.898409 0.000258896 0.0473153 0.0540165 
0.880362 0.000482021 0.0556379 0.0635177 
0.859507 0.000894144 0.0651838 0.0744156 
0.835507 0.00165144 0.0760364 0.0868053 
0.807991 0.00303439 0.0882387 0.100736 
0.832569 0.00138617 0.138202 0.0278428 
0.804837 0.00254599 0.160319 0.0322984 
0.839084 0.000265432 0.133713 0.0269382 
0.859543 0.000124504 0.104532 0.035801 
0.927002 1.03034e-05 0.0543672 0.0186201 
0.947259 4.57445e-05 0.0315251 0.0211706 
0.949295 8.71015e-06 0.0303292 0.0203674 
0.95037 3.99285e-06 0.0231722 0.026454 
0.95468 8.14224e-06 0.033752 0.0115597 
0.679854 0.0125772 0.0640045 0.243565 
0.700812 0.00381703 0.276122 0.0192487 
0.70689 0.0716919 0.124773 0.0966448 
0.793195 0.00804449 0.112006 0.0867553 
0.695566 0.0516964 0.205082 0.0476548 
0.634019 0.0895318 0.224323 0.0521257 
0.55818 0.149763 0.236988 0.0550687 
0.691843 0.0185625 0.23499 0.0546044 
0.10133 0.00748945 0.226987 0.664193 
0.124328 0.000918925 0.222803 0.65195 
0.104943 0.00186928 0.149502 0.743686 
0.0889103 0.00300905 0.151995 0.756086 
0.109002 0.000368903 0.149074 0.741555 
0.92447 1.5604e-05 0.070593 0.00492108 
0.892081 9.59993e-06 0.104205 0.00370474 
0.879547 1.9214e-06 0.119179 0.00127114 
0.835346 3.70443e-06 0.164125 0.000525155 
0.808712 6.814e-06 0.190671 0.000610093 
0.752722 2.4462e-06 0.247038 0.000237136 
0.909878 8.61557e-09 9.8733e-05 0.0900231 
0.893769 1.60798e-08 0.000116382 0.106115 
0.875174 2.99159e-08 0.000136753 0.124689 
0.808993 0.0094307 0.124741 0.0568351 
0.80098 0.00360139 0.171919 0.0234992 
0.956627 1.11333e-05 0.0202472 0.0231147 
0.948393 2.09713e-05 0.0240875 0.0274989 
0.930052 1.4106e-05 0.0326546 0.0372793 
0.955673 2.42899e-05 0.0265043 0.0177988 
0.958298 2.11903e-06 0.0194712 0.0222289 
5.9296e-08 0.0102292 0.849874 0.139897 
4.05688e-08 0.00816494 0.872193 0.119642 
2.76473e-08 0.00649174 0.891589 0.101919 
1.87776e-08 0.00514393 0.908329 0.0865273 
1.27163e-08 0.00406409 0.92269 0.0732461 
4.54968e-08 0.0109054 0.825306 0.163789 
0.0918122 0.0281578 0.323392 0.556638 
0.0764243 0.0445332 0.323029 0.556014 
0.0974661 0.00567944 0.329574 0.56728 
0.169335 0.0019934 0.231351 0.59732 
0.270839 0.000644099 0.149507 0.579011 
0.396955 0.000190712 0.0885351 0.51432 
0.533202 5.17515e-05 0.0480497 0.418697 
0.948155 2.91926e-06 0.0386165 0.0132257 
0.892998 8.46274e-06 0.0143246 0.0926689 
0.935962 1.80059e-05 0.0217699 0.0422503 
0.0938575 1.99274e-07 0.00113897 0.905003 
0.114632 2.43381e-08 0.00111286 0.884255 
0.176088 7.55275e-09 0.000690695 0.823221 
0.936261 8.31735e-06 0.0595778 0.0041532 
0.948477 3.85816e-06 0.0460605 0.00545854 
0.932029 7.69625e-06 0.0656295 0.00233329 
0.922504 2.74995e-06 0.0748325 0.00266048 
0.893749 5.40838e-06 0.105125 0.00112123 
0.940908 2.4177e-07 0.00047378 0.0586179 
0.952161 2.44661e-08 0.000383557 0.0474551 
0.872963 6.52226e-05 0.0264226 0.100549 
0.116237 5.82638e-07 0.00479538 0.878967 
0.178584 1.80839e-07 0.00297677 0.818439 
0.264252 5.40582e-08 0.00177969 0.733969 
0.37229 1.53858e-08 0.00101306 0.626697 
0.888838 6.22518e-05 0.106723 0.00437631 
0.670303 0.00390065 0.319122 0.00667387 
0.719727 0.000418826 0.274122 0.00573276 
0.962793 1.28794e-05 0.0222515 0.0149429 
0.97002 1.29761e-06 0.0179348 0.012044 
0.970667 5.94566e-07 0.0136962 0.015636 
0.946282 2.50519e-05 0.047236 0.00645658 
0.920115 1.78511e-05 0.0767211 0.00314605 
0.890924 3.5088e-05 0.107716 0.00132511 
0.871882 6.52422e-05 0.126497 0.00155615 
0.850061 0.000120858 0.147997 0.00182064 
0.825244 0.000222926 0.172412 0.00212099 
0.773663 0.000143348 0.223445 0.00274879 
0.703878 0.000264748 0.294769 0.00108787 
0.664406 0.000474812 0.333887 0.00123223 
0.622423 0.000845137 0.375347 0.00138524 
0.673696 9.14757e-05 0.325013 0.00119948 
0.000483165 0.0624698 0.562228 0.374819 
0.000638796 0.00825918 0.594661 0.396441 
1.22378e-05 0.0126581 0.683536 0.303794 
1.28784e-05 0.00253094 0.690547 0.30691 
2.3888e-07 0.00375568 0.768531 0.227713 
1.6568e-07 0.00303896 0.799543 0.197418 
1.37822e-07 0.00480317 0.798128 0.197069 
9.51067e-08 0.00386693 0.826144 0.169989 
6.5311e-08 0.00309805 0.850985 0.145917 
4.46574e-08 0.0024714 0.872813 0.124716 
3.04206e-08 0.0019641 0.89184 0.106196 
1.04608e-07 0.00506551 0.766698 0.228236 
0.00230521 0.665745 0.19917 0.13278 
0.00689275 0.199063 0.476427 0.317618 
0.0159518 0.0930682 0.44549 0.44549 
0.759818 2.48459e-06 0.00608922 0.23409 
0.891313 0 2.9265e-07 0.108687 
0.893225 0 1.24631e-06 0.106774 
0.901604 0 1.46414e-05 0.0983812 
0.884204 0 1.72306e-05 0.115779 
0.86419 0 2.02087e-05 0.13579 
0.841337 0 2.36092e-05 0.158639 
0.815461 0 2.74596e-05 0.184512 
0.920978 0 4.61164e-06 0.0790178 
0.927961 4.89753e-07 0.00145476 0.0705836 
0.909191 2.1972e-07 0.00108775 0.0897208 
0.764297 0 4.64177e-05 0.235657 
0.736987 8.46401e-08 0.000969962 0.262043 
0.937208 0.000105823 0.0128645 0.049822 
0.906144 0.00153262 0.0281634 0.0641597 
0.926526 0.0031812 0.0417554 0.0285372 
0.877415 0.00796981 0.0951136 0.0195013 
0.85178 0.0147002 0.110802 0.0227178 
0.819071 0.0268579 0.127856 0.0262145 
0.776381 0.0483703 0.145431 0.0298179 
0.719816 0.0852077 0.161802 0.0331745 
0.64518 0.145108 0.17403 0.0356816 
0.550241 0.235135 0.178106 0.0365173 
0.817617 0.000915054 0.0560348 0.125433 
0.949274 3.35943e-06 0.0422172 0.00850524 
0.95642 1.54984e-06 0.032461 0.0111175 
0.92652 5.42227e-07 0.00252992 0.0709493 
0.94034 5.50315e-08 0.00205412 0.057606 
0.963649 1.08584e-06 0.0324982 0.00385129 
0.970005 5.0048e-07 0.0249648 0.0050295 
0.961932 1.00752e-06 0.0358977 0.00216962 
0.954663 1.89982e-06 0.0427517 0.00258387 
0.770347 0.00572543 0.181705 0.0422225 
0.797117 0.00271275 0.143488 0.0566818 
0.721372 0.000236055 0.276656 0.00173573 
0.764077 2.5003e-05 0.234427 0.00147079 
0.718218 8.42e-10 0.000141462 0.28164 
0.941027 7.51183e-06 0.0275332 0.0314327 
0.0275736 0.237019 0.226279 0.509128 
0.0431107 0.0370573 0.283025 0.636807 
0.0782558 0.0135894 0.207578 0.700577 
0.132758 0.00465734 0.142282 0.720303 
0.211487 0.00149885 0.0915798 0.695434 
0.315527 0.000451757 0.0552047 0.628816 
0.438827 0.000126928 0.0310211 0.530025 
0.567977 3.31886e-05 0.0162226 0.415767 
0.687192 8.11205e-06 0.00793035 0.304869 
0.853858 5.54558e-08 0.000160106 0.145982 
0.938996 1.1048e-08 0.000288667 0.0607155 
0.922405 4.96945e-09 0.000216406 0.0773787 
0.0152187 0.340815 0.257586 0.38638 
0.0269609 0.0603776 0.365065 0.547597 
0.0929179 0.00849238 0.205392 0.693198 
0.155449 0.0028702 0.138834 0.702847 
0.243615 0.000908707 0.08791 0.667566 
0.356213 0.000268426 0.0519359 0.591583 
0.484125 7.36999e-05 0.0285194 0.487282 
0.612053 1.88232e-05 0.0145679 0.37336 
0.724991 4.50434e-06 0.00697213 0.268032 
0.039796 0.0246872 0.374207 0.56131 
0.000848175 0.0420929 0.478529 0.478529 
0.00110052 0.00546161 0.496719 0.496719 
