0.25 0.25 0.25 0.25 
0.114286 0.314286 0.4 0.171429 
0.0963855 0.13253 0.590361 0.180723 
0.103337 0.0947255 0.527449 0.274489 
0.173795 0.089613 0.332654 0.403938 
0.272727 0.363636 0.136364 0.227273 
0.335294 0.329412 0.0705882 0.264706 
0.390552 0.282726 0.0346195 0.292102 
0.126533 0.549597 0.134595 0.189274 
0.144864 0.314607 0.269663 0.270867 
0.156627 0.45354 0.145781 0.244052 
0.121253 0.526661 0.131665 0.220422 
0.0993789 0.409938 0.434783 0.0559006 
0.0772325 0.477876 0.394208 0.0506838 
0.0588175 0.5459 0.35025 0.0450322 
0.043932 0.611616 0.305211 0.0392414 
0.0965168 0.335924 0.502901 0.0646587 
0.116124 0.269445 0.504222 0.110209 
0.0913649 0.105998 0.69425 0.108388 
0.0433604 0.327913 0.531165 0.097561 
0.0514469 0.259378 0.525188 0.163987 
0.0575252 0.193349 0.489364 0.259762 
0.0213717 0.19754 0.636328 0.14476 
0.024056 0.148234 0.596876 0.230834 
0.0253945 0.104321 0.525073 0.345211 
0.0435556 0.100647 0.337718 0.51808 
0.00759309 0.105275 0.706497 0.180635 
0.130435 0.478261 0.228261 0.163043 
0.119048 0.52381 0.208333 0.14881 
0.0900901 0.594595 0.183934 0.131381 
0.0667408 0.660734 0.158973 0.113552 
0.355556 0.2 0.133333 0.311111 
0.416438 0.172603 0.0657534 0.345205 
0.142056 0.353271 0.269159 0.235514 
0.131034 0.162931 0.434483 0.271552 
0.165487 0.27436 0.27436 0.285792 
0.134484 0.334439 0.260119 0.270958 
0.179999 0.329833 0.146592 0.343576 
0.222222 0.111111 0.388889 0.277778 
0.0875513 0.180575 0.670315 0.0615595 
0.0690151 0.17793 0.704529 0.0485262 
0.0539465 0.173851 0.734271 0.0379311 
0.0950314 0.191408 0.646741 0.0668189 
0.110986 0.149029 0.629433 0.110552 
0.154892 0.277314 0.439221 0.128573 
0.127406 0.28513 0.481706 0.105757 
0.102708 0.344783 0.453045 0.0994647 
0.175103 0.135431 0.402189 0.287278 
0.148062 0.171776 0.396761 0.283401 
0.125989 0.182709 0.45015 0.241152 
0.105366 0.191002 0.501954 0.201678 
0.0868805 0.236238 0.482871 0.194011 
0.0705811 0.287877 0.45766 0.183881 
0.0564259 0.345214 0.426855 0.171504 
0.0443484 0.406986 0.391405 0.157261 
0.0342475 0.471435 0.352634 0.141683 
0.438733 0.234025 0.0163749 0.310868 
0.480765 0.18896 0.00755523 0.322721 
0.204526 0.482321 0.0385696 0.274583 
0.186658 0.586913 0.0176001 0.208829 
0.226426 0.524598 0.00898936 0.239987 
0.268241 0.457932 0.00448399 0.269343 
0.310925 0.391116 0.00218842 0.295771 
0.1 0.55 0.204167 0.145833 
0.075 0.61875 0.178646 0.127604 
0.0551302 0.682236 0.153203 0.109431 
0.0398083 0.738942 0.129062 0.0921873 
0.101947 0.473097 0.247891 0.177065 
0.1026 0.238064 0.436588 0.222749 
0.0811646 0.0941637 0.604407 0.220265 
0.0845769 0.065415 0.524848 0.325161 
0.0326656 0.0694782 0.709479 0.188377 
0.0344456 0.130248 0.738428 0.0968784 
0.039417 0.0993636 0.704168 0.157052 
0.0430807 0.0723995 0.641349 0.24317 
0.080212 0.0758254 0.447798 0.396164 
0.0686616 0.0811333 0.511088 0.339117 
0.0580762 0.102938 0.504344 0.334642 
0.0487503 0.129612 0.493915 0.327723 
0.0407256 0.135346 0.550151 0.273777 
0.0334579 0.138991 0.602631 0.22492 
0.0270777 0.140608 0.650285 0.182029 
0.193353 0.299094 0.253776 0.253776 
0.156671 0.363525 0.239902 0.239902 
0.146052 0.406664 0.223642 0.223642 
0.194286 0.398607 0.125264 0.281843 
0.240528 0.363616 0.0652958 0.33056 
0.283271 0.315539 0.0323785 0.368812 
0.0857703 0.573243 0.117645 0.223342 
0.10003 0.334273 0.240106 0.325591 
0.0914064 0.152728 0.383963 0.371903 
0.0378787 0.174049 0.556898 0.231174 
0.0400625 0.122722 0.490838 0.346378 
0.0729345 0.0334283 0.651472 0.242165 
0.0743334 0.022713 0.553306 0.349648 
0.123777 0.0212742 0.345505 0.509443 
0.161261 0.0204229 0.18953 0.628786 
0.126984 0.232804 0.37037 0.269841 
0.0444085 0.335839 0.566671 0.053082 
0.034934 0.396282 0.520067 0.0487165 
0.0270191 0.459746 0.469276 0.0439587 
0.0205404 0.524261 0.416211 0.0389879 
0.0153516 0.587738 0.362915 0.0339955 
0.0333752 0.319444 0.591749 0.0554312 
0.0262175 0.376403 0.581051 0.0163287 
0.0203586 0.365359 0.601603 0.0126797 
0.150495 0.49901 0.142574 0.207921 
0.136838 0.544472 0.129636 0.189053 
0.103247 0.616221 0.114115 0.166418 
0.0762045 0.682231 0.0982637 0.143301 
0.178075 0.398559 0.172217 0.25115 
0.177209 0.528828 0.0856897 0.208274 
0.221438 0.486918 0.045085 0.246559 
0.329897 0.0927835 0.216495 0.360825 
0.396867 0.0822454 0.109661 0.411227 
0.0522651 0.178716 0.60655 0.162469 
0.0576221 0.131356 0.557267 0.253755 
0.0594614 0.0903656 0.479212 0.370961 
0.0233948 0.0977733 0.659903 0.218929 
0.0246613 0.0687108 0.579688 0.32694 
0.0677966 0.0466102 0.726695 0.158898 
0.133108 0.0343169 0.44586 0.386715 
0.115026 0.0370689 0.513723 0.334182 
0.0974377 0.039251 0.580228 0.283083 
0.0809807 0.040777 0.642971 0.235271 
0.144231 0.423077 0.252404 0.180288 
0.141011 0.206816 0.431845 0.220329 
0.0552613 0.222887 0.592332 0.129519 
0.0627294 0.168672 0.560317 0.208281 
0.0224025 0.165654 0.700369 0.111575 
0.0256162 0.126278 0.667366 0.180739 
0.0277837 0.0913088 0.603195 0.277712 
0.00989928 0.0894663 0.752212 0.148423 
0.0109185 0.0657851 0.691382 0.231914 
0.0113797 0.0457092 0.600488 0.342423 
0.0202524 0.0457585 0.400757 0.533232 
0.517555 0.149888 0.00342459 0.329132 
0.244563 0.424965 0.0194189 0.311053 
0.0524017 0.528384 0.320961 0.0982533 
0.0392799 0.594108 0.280687 0.0859247 
0.0289215 0.656156 0.241113 0.07381 
0.020949 0.712921 0.203756 0.0623742 
0.0149549 0.763399 0.169698 0.0519483 
0.040197 0.512983 0.342096 0.104723 
0.0391684 0.249928 0.583349 0.127554 
0.0448863 0.190942 0.55709 0.207082 
0.108254 0.35724 0.473613 0.0608931 
0.124127 0.54616 0.271528 0.0581846 
0.093467 0.616882 0.238536 0.0511148 
0.0688921 0.682032 0.205121 0.0439546 
0.16164 0.400059 0.360954 0.0773473 
0.14829 0.183509 0.579501 0.0886991 
0.125543 0.233039 0.613258 0.0281598 
0.0994259 0.230699 0.647573 0.0223016 
0.0780709 0.226436 0.677981 0.0175116 
0.0608691 0.22068 0.704797 0.0136532 
0.107762 0.244182 0.623884 0.0241715 
0.0853255 0.290013 0.617485 0.00717708 
0.0667476 0.283585 0.644053 0.00561441 
0.244422 0.139296 0.236382 0.379899 
0.303067 0.127266 0.12341 0.446258 
0.0880985 0.22197 0.430487 0.259445 
0.146488 0.207611 0.268426 0.377475 
0.190221 0.198647 0.146763 0.464369 
0.0467144 0.292701 0.432505 0.228079 
0.0815094 0.287279 0.282995 0.348217 
0.065268 0.345054 0.264374 0.325304 
0.0350877 0.398026 0.537281 0.0296053 
0.0271263 0.461571 0.4846 0.0267025 
0.0206127 0.526106 0.429609 0.0236723 
0.0153987 0.58954 0.374429 0.0206318 
0.0113174 0.649935 0.321057 0.0176909 
0.00819258 0.705722 0.271145 0.0149406 
0.0205232 0.441975 0.509431 0.0280707 
0.0154217 0.498168 0.478501 0.00790991 
0.0115939 0.561779 0.419689 0.00693772 
0.124524 0.385246 0.26494 0.225289 
0.0977174 0.45347 0.242557 0.206256 
0.0750785 0.522617 0.217422 0.184883 
0.0565197 0.590145 0.190957 0.162378 
0.170213 0.0425532 0.521277 0.265957 
0.17274 0.0647773 0.661269 0.101215 
0.139687 0.0654784 0.712987 0.0818479 
0.11139 0.0652678 0.758074 0.0652678 
0.0877776 0.0642902 0.7965 0.0514322 
0.0684921 0.0627064 0.828669 0.0401321 
0.121839 0.0697171 0.737053 0.0713903 
0.13788 0.0525969 0.695072 0.114451 
0.150802 0.0383509 0.633513 0.177335 
0.463563 0.141573 0.0308186 0.364045 
0.192277 0.35233 0.153395 0.301997 
0.194138 0.474321 0.0774402 0.254101 
0.237632 0.427799 0.0399113 0.294658 
0.27996 0.371369 0.0197981 0.328873 
0.320503 0.313269 0.00954327 0.356684 
0.358801 0.258412 0.00449836 0.378289 
0.13192 0.570062 0.0198469 0.278171 
0.116359 0.670423 0.0087529 0.204465 
0.0645885 0.434178 0.32967 0.171563 
0.0707304 0.380372 0.36102 0.187878 
0.0669347 0.119987 0.498233 0.314846 
0.0480717 0.0430865 0.626194 0.282648 
0.0481178 0.0287518 0.522329 0.400802 
0.0188214 0.0309276 0.715088 0.235163 
0.0194337 0.0212891 0.615292 0.343985 
0.0345102 0.0212653 0.409736 0.534489 
0.0295463 0.0273098 0.409267 0.533877 
0.254074 0.289595 0.14041 0.315921 
0.307643 0.258375 0.0715846 0.362397 
0.353009 0.218456 0.0345855 0.39395 
0.123142 0.457233 0.144776 0.274849 
0.119068 0.589475 0.0699933 0.221463 
0.0886379 0.658232 0.0607891 0.192341 
0.0646377 0.720007 0.0517177 0.163638 
0.159145 0.443184 0.0955008 0.302171 
0.151622 0.562979 0.0454932 0.239906 
0.114083 0.63539 0.0399347 0.210593 
0.0443996 0.0497439 0.550819 0.355037 
0.0168077 0.0517849 0.729805 0.201602 
0.017784 0.0365285 0.643496 0.302192 
0.00629797 0.0355743 0.797601 0.160526 
0.00683007 0.0257199 0.720824 0.246626 
0.00701203 0.0176034 0.61669 0.358695 
0.00254809 0.0175914 0.784342 0.195518 
0.00269674 0.0124118 0.691749 0.293143 
0.00513094 0.0132835 0.493557 0.488028 
0.00438452 0.0170267 0.492051 0.486538 
0.0289658 0.164291 0.776194 0.0305499 
0.0222848 0.157996 0.796216 0.0235035 
0.0170777 0.151348 0.813563 0.0180116 
0.0318339 0.176326 0.758265 0.0335748 
0.0384079 0.141826 0.762379 0.0573868 
0.0452085 0.111292 0.747807 0.0956928 
0.0514821 0.0844908 0.70965 0.154377 
0.0560877 0.0613662 0.64428 0.238266 
0.103733 0.0638411 0.446842 0.385584 
0.134078 0.24581 0.410615 0.209497 
0.109339 0.300683 0.390661 0.199317 
0.0875646 0.361204 0.365005 0.186227 
0.0722499 0.372538 0.401555 0.153656 
0.056498 0.436977 0.366343 0.140182 
0.0433629 0.503078 0.328035 0.125524 
0.0326742 0.568607 0.288372 0.110346 
0.0241895 0.631432 0.249071 0.0953077 
0.0549348 0.358498 0.424233 0.162334 
0.0465743 0.151969 0.629421 0.172036 
0.0413693 0.202478 0.698849 0.0573036 
0.0418768 0.168693 0.759986 0.0294446 
0.0323247 0.162768 0.782179 0.0227283 
0.0590005 0.185682 0.713833 0.0414847 
0.0705394 0.147997 0.711199 0.0702638 
0.0818882 0.114539 0.688018 0.115555 
0.0914646 0.0852891 0.640399 0.182847 
0.0840309 0.117536 0.735438 0.062995 
0.0322267 0.672985 0.261205 0.0335835 
0.0232579 0.728536 0.219929 0.0282766 
0.0594002 0.465166 0.42127 0.0541633 
0.0541522 0.212035 0.672091 0.0617226 
0.0642357 0.167678 0.664364 0.103722 
0.0732784 0.127522 0.631575 0.167625 
0.0794713 0.0921991 0.570792 0.257538 
0.177847 0.480499 0.131045 0.210608 
0.226096 0.450104 0.0701461 0.253653 
0.273198 0.400749 0.0356882 0.290365 
0.318192 0.34392 0.0175014 0.320387 
0.360557 0.287156 0.00835015 0.343937 
0.399954 0.234708 0.00390002 0.361438 
0.436177 0.188606 0.00179083 0.373426 
0.186707 0.484401 0.00919888 0.319693 
0.169182 0.585245 0.00416773 0.241405 
0.203621 0.519014 0.00211204 0.275253 
0.240202 0.451136 0.00104904 0.307613 
0.277856 0.384526 0.000510944 0.337107 
0.102436 0.131351 0.371497 0.394716 
0.140403 0.132658 0.214397 0.512542 
0.0309654 0.175543 0.567413 0.226079 
0.0329028 0.124351 0.502429 0.340317 
0.0124451 0.129344 0.66513 0.193081 
0.0134326 0.093072 0.598259 0.295237 
0.0244913 0.0954537 0.409045 0.471009 
0.0240325 0.112399 0.401383 0.462186 
0.140219 0.661338 0.0154248 0.183019 
0.102819 0.727415 0.0131957 0.15657 
0.0738641 0.783851 0.0110596 0.131225 
0.227907 0.0865898 0.183675 0.501827 
0.269884 0.0755546 0.0915813 0.56298 
0.0915438 0.153767 0.372768 0.381921 
0.208487 0.178225 0.235234 0.378054 
0.261585 0.16477 0.124271 0.449373 
0.07186 0.271584 0.409662 0.246894 
0.0273974 0.284747 0.546659 0.141197 
0.03139 0.217495 0.521936 0.229179 
0.0112105 0.213608 0.652409 0.122772 
0.0128677 0.163456 0.624039 0.199637 
0.0139157 0.117845 0.562386 0.305853 
0.0139937 0.0790038 0.471282 0.435721 
0.00552166 0.0857273 0.650859 0.257892 
0.00569007 0.0588947 0.558925 0.37649 
0.0283062 0.788151 0.107067 0.0764761 
0.0779783 0.542802 0.221211 0.158008 
0.0834878 0.290577 0.414471 0.211465 
0.0314998 0.301494 0.547328 0.119678 
0.0367068 0.234221 0.531502 0.19757 
0.0400877 0.170529 0.483713 0.30567 
0.0685419 0.164009 0.310145 0.457305 
0.0566503 0.203331 0.299059 0.44096 
0.500748 0.112685 0.0140172 0.37255 
0.239574 0.323472 0.080475 0.356479 
0.129804 0.240984 0.267065 0.362147 
0.0571709 0.291882 0.411691 0.239256 
0.0671357 0.457009 0.241724 0.234131 
0.0513343 0.524168 0.215636 0.208863 
0.0385152 0.58991 0.188752 0.182823 
0.028385 0.65213 0.162291 0.157194 
0.0658537 0.378238 0.282389 0.273519 
0.353227 0.3274 0.00104681 0.318326 
0.394015 0.269098 0.000491656 0.336395 
0.146621 0.600823 0.00219547 0.25036 
0.126676 0.692123 0.000948407 0.180252 
0.00951873 0.107534 0.688852 0.194095 
0.0102328 0.0770669 0.617105 0.295595 
0.0102881 0.0516556 0.517034 0.421023 
0.00396688 0.0547728 0.697753 0.243507 
0.00410263 0.0377648 0.601359 0.356773 
0.00149302 0.037794 0.765959 0.194754 
0.00158682 0.0267789 0.678399 0.293235 
0.00300744 0.0285487 0.482155 0.486289 
0.00257518 0.0305567 0.550473 0.416395 
0.06 0.48 0.36 0.1 
0.056872 0.227488 0.597156 0.118483 
0.06507 0.17352 0.569363 0.192047 
0.087796 0.312163 0.384107 0.215933 
0.0698963 0.37278 0.356762 0.200561 
0.0546373 0.437099 0.325358 0.182906 
0.0419236 0.503083 0.291257 0.163736 
0.0315839 0.56851 0.255994 0.143912 
0.0233798 0.631254 0.221081 0.124285 
0.0170259 0.689549 0.187832 0.105593 
0.0415791 0.420989 0.344029 0.193403 
0.0379414 0.192078 0.549378 0.220602 
0.0696135 0.198235 0.377992 0.354159 
0.0105417 0.80718 0.139557 0.0427214 
0.0302015 0.578135 0.299868 0.0917963 
0.0248381 0.156337 0.80136 0.0174643 
0.0190155 0.14961 0.818004 0.0133702 
0.03555 0.174813 0.764641 0.0249961 
0.0281485 0.207625 0.756804 0.00742196 
0.0215834 0.199001 0.773725 0.00569093 
0.0400796 0.230961 0.718391 0.0105679 
0.0311063 0.268878 0.69694 0.0030757 
0.0239365 0.258629 0.715067 0.00236677 
0.0438815 0.296332 0.655448 0.00433887 
0.103868 0.0634749 0.4418 0.390857 
0.0151073 0.0698186 0.787164 0.12791 
0.0176693 0.0241953 0.53279 0.425346 
0.0118282 0.00809842 0.624155 0.355918 
0.0113561 0.00518345 0.499368 0.484092 
0.130435 0.403533 0.271852 0.19418 
0.124145 0.192036 0.452799 0.23102 
0.0480516 0.204407 0.613413 0.134128 
0.0542639 0.153889 0.577266 0.214581 
0.0995559 0.158813 0.397158 0.344473 
0.0849389 0.16937 0.451795 0.293897 
0.0712012 0.177471 0.504965 0.246363 
0.0793429 0.112506 0.531536 0.276616 
0.0658281 0.116678 0.587996 0.229498 
0.0537299 0.119043 0.639908 0.18732 
0.0432238 0.119707 0.686377 0.150692 
0.0343395 0.118878 0.727064 0.119719 
0.0269949 0.116815 0.762077 0.094113 
0.0210367 0.11379 0.791833 0.0733407 
0.037471 0.126678 0.705215 0.130636 
0.0418824 0.0943947 0.656867 0.206856 
0.0893869 0.450432 0.24959 0.210591 
0.0902669 0.606489 0.126024 0.177221 
0.0666774 0.671992 0.108605 0.152726 
0.0483327 0.730664 0.0918455 0.129158 
0.03447 0.781645 0.0764197 0.107465 
0.0937208 0.531305 0.155834 0.219141 
0.0286136 0.0240433 0.745455 0.201888 
0.0300606 0.0168395 0.652628 0.300471 
0.0297391 0.0111063 0.53804 0.421115 
0.0115487 0.0118606 0.73129 0.245301 
0.0210515 0.00810749 0.41657 0.554271 
0.0289358 0.00821135 0.241089 0.721764 
0.079668 0.410788 0.46473 0.0448133 
0.0633489 0.408304 0.492714 0.0356338 
0.0490237 0.47396 0.444845 0.0321718 
0.0372384 0.54003 0.394221 0.0285107 
0.0277801 0.604299 0.343107 0.024814 
0.0203746 0.66481 0.293583 0.0212324 
0.0482023 0.393203 0.520921 0.0376737 
0.0369852 0.452552 0.499623 0.01084 
0.028902 0.442056 0.520571 0.0084709 
0.0225086 0.430338 0.540556 0.00659708 
0.0174788 0.417716 0.559682 0.00512287 
0.0135391 0.404454 0.578039 0.00396817 
0.0104646 0.390763 0.595705 0.00306708 
0.0198687 0.829827 0.0876774 0.0626267 
0.0458686 0.235265 0.665397 0.0534694 
0.0358176 0.229641 0.692789 0.0417529 
0.0278014 0.222807 0.716983 0.0324083 
0.0214733 0.215115 0.73838 0.0250316 
0.0165191 0.206857 0.757368 0.0192565 
0.0126664 0.198264 0.774304 0.0147653 
0.0235217 0.230112 0.718947 0.0274194 
0.0288646 0.188255 0.735213 0.0476675 
0.531229 0.088085 0.00626121 0.374425 
0.391469 0.178505 0.0161489 0.413878 
0.157594 0.431164 0.0780126 0.33323 
0.150207 0.54794 0.037178 0.264675 
0.113425 0.620647 0.0327532 0.233174 
0.0837308 0.687243 0.0282082 0.200818 
0.0605957 0.746034 0.0238165 0.169553 
0.154529 0.475627 0.045552 0.324291 
0.142855 0.586262 0.0210554 0.249827 
0.106746 0.657108 0.0183554 0.217791 
0.114598 0.0798227 0.269374 0.536205 
0.0452144 0.106292 0.478265 0.370228 
0.0381236 0.112028 0.537681 0.312167 
0.0315793 0.115997 0.593843 0.25858 
0.0257381 0.118176 0.645334 0.210751 
0.0206789 0.118684 0.691313 0.169325 
0.0164104 0.117732 0.731485 0.134373 
0.0278092 0.124693 0.619789 0.227709 
0.0752168 0.189373 0.682523 0.0528868 
0.0610396 0.230519 0.692347 0.0160944 
0.0473758 0.223646 0.716486 0.0124917 
0.036591 0.215918 0.737843 0.00964801 
0.0665158 0.245313 0.670633 0.0175384 
0.0817384 0.20097 0.68676 0.0305322 
0.0983294 0.161174 0.688463 0.0520334 
0.0805858 0.198136 0.705287 0.0159915 
0.140625 0.216096 0.615374 0.0279057 
0.113002 0.260471 0.618118 0.00840903 
0.190474 0.274405 0.520947 0.0141742 
0.229866 0.441538 0.314341 0.0142546 
0.252131 0.387445 0.344789 0.0156353 
0.0165462 0.777445 0.18254 0.0234694 
0.0452807 0.531893 0.374656 0.0481701 
0.0440865 0.258933 0.638356 0.0586246 
0.0352012 0.31012 0.637125 0.0175535 
0.0272897 0.300526 0.658576 0.0136083 
0.0210787 0.29016 0.67825 0.0105111 
0.0162316 0.279296 0.696379 0.00809407 
0.0296698 0.319078 0.636457 0.0147952 
0.0349576 0.132183 0.780628 0.0522315 
0.0270307 0.127762 0.80482 0.0403876 
0.0207894 0.122828 0.82532 0.0310623 
0.0577366 0.0421135 0.552683 0.347467 
0.0219602 0.0440494 0.735751 0.19824 
0.118784 0.191401 0.606295 0.0835202 
0.159072 0.341756 0.405965 0.0932063 
0.126844 0.408776 0.37767 0.08671 
0.0989592 0.478367 0.343751 0.0789225 
0.0755627 0.547904 0.306227 0.0703071 
0.056529 0.614836 0.267272 0.0613634 
0.123773 0.336554 0.438904 0.100769 
0.104354 0.141875 0.647573 0.106198 
0.14785 0.268015 0.458748 0.125387 
0.120071 0.326486 0.434645 0.118799 
0.163265 0.336735 0.291667 0.208333 
0.175236 0.481898 0.156526 0.18634 
0.159831 0.527443 0.142766 0.169959 
0.121467 0.601261 0.126581 0.150691 
0.13807 0.546758 0.143883 0.171289 
0.127634 0.673909 0.0665039 0.131952 
0.0931617 0.737841 0.0566322 0.112366 
0.230387 0.456167 0.105038 0.208408 
0.0941176 0.317647 0.423529 0.164706 
0.0784314 0.132353 0.617647 0.171569 
0.0848431 0.0954485 0.556783 0.262925 
0.0315349 0.097561 0.724316 0.146588 
0.0347362 0.0716434 0.664873 0.228748 
0.0361602 0.0497203 0.576775 0.337345 
0.0134045 0.0506858 0.748331 0.187579 
0.0143128 0.0360801 0.665864 0.283743 
0.0268743 0.0381069 0.468846 0.466173 
0.0230521 0.0408589 0.536218 0.399871 
0.0193885 0.0429568 0.601333 0.336321 
0.0274423 0.389123 0.56028 0.0231544 
0.0212434 0.451838 0.506007 0.0209115 
0.0161702 0.515899 0.44936 0.0185705 
0.012104 0.579255 0.392423 0.0162175 
0.00891486 0.639951 0.337199 0.0139353 
0.00646709 0.696356 0.285383 0.0117939 
0.00462692 0.74732 0.238209 0.00984435 
0.0122569 0.494918 0.473267 0.0195585 
0.0110186 0.222459 0.744544 0.0219782 
0.00858393 0.259957 0.725038 0.00642071 
0.00656932 0.248683 0.739834 0.0049138 
0.0122373 0.289529 0.68908 0.00915342 
0.10255 0.141007 0.654293 0.10215 
0.0818211 0.14063 0.696047 0.0815015 
0.0645698 0.138724 0.732389 0.0643175 
0.0504921 0.135599 0.763614 0.0502948 
0.0391886 0.131553 0.790222 0.0390355 
0.0583991 0.183789 0.735997 0.0218141 
0.103714 0.204 0.653546 0.0387407 
0.123584 0.162056 0.648963 0.0653974 
0.102781 0.202166 0.674657 0.020396 
0.175138 0.215305 0.574803 0.0347545 
0.224947 0.368717 0.369138 0.0371988 
0.242856 0.318457 0.398526 0.0401604 
0.269781 0.471686 0.221355 0.0371774 
0.297883 0.416655 0.244413 0.04105 
0.0339573 0.235284 0.580755 0.150004 
0.0382712 0.176782 0.545445 0.239502 
0.0137039 0.174078 0.68358 0.128638 
0.0155436 0.131631 0.646123 0.206702 
0.0166319 0.0938986 0.576137 0.313332 
0.00602315 0.0935133 0.730256 0.170207 
0.00656089 0.067908 0.662877 0.262654 
0.00671999 0.0463699 0.565793 0.381117 
0.0116172 0.0450911 0.366793 0.576498 
0.0146958 0.305626 0.63008 0.0495982 
0.0180587 0.250376 0.645222 0.0863431 
0.0241925 0.447226 0.43219 0.0963921 
0.0184435 0.511423 0.3844 0.0857335 
0.013825 0.575035 0.336165 0.0749755 
0.0101951 0.636081 0.289219 0.0645051 
0.00740391 0.692902 0.245042 0.0546523 
0.00530214 0.744309 0.204728 0.045661 
0.0139835 0.490747 0.404952 0.0903173 
0.0129367 0.227004 0.655614 0.104445 
0.0150675 0.176263 0.636334 0.172335 
0.0166125 0.129558 0.584654 0.269176 
0.0305229 0.133899 0.40283 0.432748 
0.0430647 0.139203 0.239305 0.578427 
0.0597836 0.13396 0.423813 0.382444 
0.00839061 0.142184 0.728655 0.120771 
0.00362167 0.0750095 0.76444 0.156929 
0.00396068 0.0243054 0.483793 0.487941 
0.00158652 0.0178493 0.565226 0.415338 
0.000598241 0.018509 0.74597 0.234922 
0.00061841 0.0127554 0.6426 0.344027 
0.230382 0.190065 0.264579 0.314975 
0.295275 0.179496 0.142781 0.382449 
0.0766844 0.279696 0.444971 0.198648 
0.0616661 0.112459 0.626195 0.199679 
0.115379 0.118358 0.439359 0.326904 
0.165469 0.125073 0.265306 0.444151 
0.0331742 0.150452 0.638282 0.178092 
0.0361503 0.1093 0.579619 0.274931 
0.0650708 0.110666 0.391245 0.433018 
0.0901787 0.113008 0.228298 0.568516 
0.137102 0.555622 0.117859 0.189417 
0.10316 0.627102 0.103461 0.166277 
0.075936 0.692417 0.0888511 0.142796 
0.0548347 0.750009 0.0748544 0.120302 
0.0389581 0.799282 0.0620449 0.099715 
0.108187 0.554905 0.129225 0.207683 
0.124155 0.318403 0.259521 0.29792 
0.0527206 0.371813 0.385706 0.18976 
0.0458116 0.161544 0.586529 0.206116 
0.0853135 0.169221 0.409603 0.335862 
0.0705738 0.209977 0.395308 0.324141 
0.0589719 0.403298 0.391077 0.146654 
0.0179583 0.168868 0.729437 0.0837364 
0.0209541 0.13136 0.70927 0.138416 
0.00902373 0.0691399 0.742392 0.179444 
0.00972395 0.04967 0.666667 0.273939 
0.0184389 0.0529797 0.474059 0.454522 
0.0157427 0.0565411 0.539655 0.388061 
0.0131847 0.0591919 0.60262 0.325004 
0.0482759 0.136907 0.499298 0.315519 
0.0182477 0.14231 0.660549 0.178893 
0.0198991 0.10346 0.600274 0.276367 
0.0202923 0.0703361 0.510114 0.399258 
0.00781074 0.0744512 0.68722 0.230518 
0.549859 0.117338 0.00153193 0.331271 
0.284193 0.363873 0.00950129 0.342433 
0.155149 0.546282 0.0181545 0.280415 
0.137753 0.646709 0.00805951 0.207478 
0.101343 0.713661 0.00691747 0.178079 
0.0730312 0.771435 0.00581581 0.149718 
0.190911 0.504152 0.0114023 0.293534 
0.171463 0.603724 0.00512038 0.219693 
0.207432 0.538169 0.00260822 0.251791 
0.111888 0.25641 0.456876 0.174825 
0.0919834 0.263494 0.500798 0.143724 
0.074613 0.267169 0.541635 0.116583 
0.0598178 0.267739 0.578978 0.0934654 
0.0480101 0.322333 0.542138 0.0875184 
0.0380641 0.319446 0.573102 0.0693876 
0.0299506 0.314194 0.601258 0.0545974 
0.0236501 0.372149 0.553904 0.0502974 
0.0183793 0.433816 0.502202 0.0456027 
0.0140492 0.497416 0.447866 0.0406687 
0.0278311 0.246341 0.665406 0.0604224 
0.142132 0.278261 0.264603 0.315004 
0.187756 0.27085 0.147175 0.394218 
0.0429905 0.372099 0.404383 0.180528 
0.0369852 0.16006 0.608816 0.194138 
0.0704217 0.171429 0.434707 0.323442 
0.0581002 0.212152 0.418422 0.311326 
0.0130461 0.144523 0.828671 0.0137596 
0.00994101 0.137657 0.841918 0.0104847 
0.0075594 0.130847 0.853621 0.0079728 
0.014423 0.156031 0.814334 0.0152117 
0.208112 0.35581 0.134178 0.3019 
0.256045 0.322561 0.0695082 0.351885 
0.298995 0.277545 0.0341758 0.389284 
0.337205 0.230642 0.0162287 0.415925 
0.371363 0.187162 0.00752535 0.43395 
0.15142 0.457881 0.0368207 0.353878 
0.0731397 0.608213 0.0622487 0.256398 
0.0906676 0.376986 0.135042 0.397305 
0.041288 0.472094 0.215232 0.271386 
0.0415697 0.237658 0.379226 0.341547 
0.0164 0.257841 0.52364 0.202119 
0.030674 0.271269 0.367274 0.330782 
0.0245004 0.325009 0.342248 0.308243 
0.0262037 0.278083 0.366041 0.329672 
0.0102096 0.297956 0.499163 0.192672 
0.061743 0.477543 0.420195 0.0405188 
0.0469329 0.544495 0.372639 0.035933 
0.0350156 0.609354 0.324354 0.031277 
0.0256722 0.670136 0.277439 0.0267531 
0.0185257 0.725377 0.233574 0.0225232 
0.0472662 0.462681 0.446954 0.0430991 
0.0424045 0.207545 0.701718 0.0483326 
0.0508445 0.165903 0.701153 0.0820993 
0.0589811 0.128301 0.677798 0.13492 
0.0654994 0.0949869 0.627254 0.21226 
0.0535513 0.546805 0.220357 0.179286 
0.0214957 0.301798 0.54177 0.134937 
0.0266291 0.498494 0.335576 0.139301 
0.0200461 0.562892 0.294721 0.122342 
0.0148384 0.624993 0.254516 0.105652 
0.033631 0.354133 0.432642 0.179594 
0.0282065 0.148507 0.635004 0.188283 
0.0305558 0.10725 0.573243 0.28895 
0.134995 0.556853 0.140678 0.167474 
0.101516 0.628131 0.123422 0.146931 
0.0746923 0.693238 0.105945 0.126125 
0.176973 0.410634 0.188266 0.224127 
0.176025 0.544576 0.0936285 0.185771 
0.222055 0.506198 0.0497315 0.222016 
0.0673921 0.382239 0.421376 0.128993 
0.0582392 0.165163 0.637256 0.139342 
0.0649414 0.12278 0.592161 0.220118 
0.0682089 0.0859717 0.518296 0.327524 
0.114155 0.080934 0.325284 0.479627 
0.149196 0.0779412 0.179003 0.59386 
0.394511 0.209359 0.00208255 0.394047 
0.160126 0.509855 0.0101433 0.319876 
0.144054 0.611575 0.00456262 0.239808 
0.174866 0.547021 0.00233201 0.27578 
0.208129 0.479739 0.00116868 0.310963 
0.24294 0.412616 0.000574377 0.34387 
0.278286 0.348268 0.000277029 0.373169 
0.0753051 0.0474579 0.350337 0.5269 
0.0994846 0.0461971 0.194874 0.659444 
0.0435122 0.0681936 0.38355 0.504745 
0.0593267 0.0685105 0.22019 0.651973 
0.0343364 0.0986076 0.241463 0.625593 
0.00719129 0.123912 0.606853 0.262043 
0.00684955 0.177035 0.722519 0.0935965 
0.28201 0.280567 0.0398862 0.397537 
0.444308 0.0678462 0.0516923 0.436154 
0.189551 0.173668 0.264636 0.372145 
0.108029 0.362915 0.263939 0.265117 
0.146433 0.362476 0.150639 0.340451 
0.183161 0.334076 0.0793353 0.403428 
0.216778 0.291342 0.0395354 0.452344 
0.0648272 0.522752 0.141876 0.270545 
0.0710304 0.286387 0.272041 0.370542 
0.0300143 0.33279 0.402334 0.234862 
0.0344747 0.50966 0.231062 0.224803 
0.0259051 0.574456 0.202563 0.197076 
0.0552055 0.306051 0.323756 0.314987 
0.0584281 0.610071 0.193376 0.138125 
0.066811 0.3488 0.38696 0.197429 
0.0573398 0.149677 0.581182 0.211801 
0.060903 0.105985 0.514415 0.318697 
0.0231495 0.110785 0.684358 0.181707 
0.0250339 0.079869 0.616724 0.278373 
0.04595 0.0824626 0.424501 0.447087 
0.200627 0.206897 0.219436 0.373041 
0.251136 0.19083 0.115655 0.442379 
0.292175 0.163589 0.0566544 0.487582 
0.325185 0.134158 0.0265496 0.514107 
0.131285 0.324977 0.128624 0.415114 
0.134675 0.444491 0.0659727 0.354861 
0.163013 0.396438 0.0336231 0.406925 
0.190706 0.341735 0.0165621 0.450997 
0.217516 0.287204 0.00795386 0.487326 
0.0722442 0.572341 0.0317009 0.323714 
0.0644475 0.680764 0.0141398 0.240649 
0.0466049 0.738437 0.0119294 0.203028 
0.118759 0.470423 0.0227989 0.388019 
0.149927 0.144949 0.459151 0.245974 
0.104419 0.227143 0.435262 0.233176 
0.0722212 0.223434 0.645101 0.0592439 
0.0568272 0.219761 0.676796 0.046616 
0.0443775 0.21452 0.704699 0.0364034 
0.0344404 0.208106 0.729202 0.0282519 
0.026593 0.20086 0.750733 0.0218146 
0.0204489 0.193066 0.76971 0.0167745 
0.0156716 0.184952 0.78652 0.0128556 
0.0119776 0.176696 0.801501 0.00982539 
0.0224726 0.207199 0.751894 0.0184345 
0.017556 0.242802 0.734242 0.00540052 
0.0134482 0.232489 0.749926 0.00413691 
0.0250035 0.270158 0.697147 0.00769152 
0.0191663 0.310632 0.667991 0.00221095 
0.0147396 0.29861 0.68495 0.00170031 
0.0459375 0.180714 0.741049 0.0322998 
0.0553656 0.145202 0.744283 0.0551493 
0.0452258 0.177914 0.759967 0.0168934 
0.0652294 0.240568 0.685065 0.00913705 
0.0506244 0.233381 0.708904 0.00709125 
0.0907198 0.261389 0.635184 0.0127076 
0.0707892 0.305945 0.619547 0.00371844 
0.0551747 0.298076 0.643852 0.00289824 
0.0974308 0.328975 0.568476 0.00511788 
0.0747508 0.378594 0.545183 0.00147245 
0.0585649 0.370771 0.569511 0.00115362 
0.041744 0.653798 0.164541 0.139916 
0.109068 0.168715 0.386761 0.335456 
0.0158586 0.185517 0.68888 0.109744 
0.0132554 0.232597 0.719749 0.0343987 
0.0102116 0.223984 0.739304 0.0265 
0.00784044 0.214967 0.756846 0.0203465 
0.0144935 0.248361 0.699534 0.0376116 
0.0113625 0.292062 0.685518 0.0110574 
0.0295371 0.364017 0.439723 0.166723 
0.0238668 0.367671 0.473745 0.134717 
0.0185699 0.429105 0.430037 0.122288 
0.0142123 0.492618 0.383979 0.109191 
0.010698 0.55621 0.337203 0.095889 
0.00792273 0.61788 0.291348 0.0828495 
0.0057775 0.675866 0.24787 0.0704859 
0.00415351 0.728832 0.207896 0.0591186 
0.0107431 0.471281 0.403293 0.114683 
0.2 0.275 0.30625 0.21875 
0.0848806 0.320955 0.454907 0.139257 
0.0698309 0.132024 0.654937 0.143208 
0.077033 0.0970937 0.602071 0.223802 
0.139237 0.0987168 0.40809 0.353956 
0.193619 0.101148 0.238938 0.466295 
0.0420877 0.131922 0.623269 0.202721 
0.044936 0.0939 0.55454 0.306624 
0.0166184 0.0954978 0.717788 0.170095 
0.0180751 0.0692458 0.650588 0.262091 
0.0184875 0.0472172 0.554528 0.379767 
0.00695325 0.0488362 0.729962 0.214248 
0.00730897 0.0342231 0.639422 0.319046 
0.0544681 0.0459574 0.750638 0.148936 
0.0590997 0.0332436 0.678723 0.228934 
0.060853 0.0228199 0.582382 0.333945 
0.0228525 0.0235666 0.765468 0.188113 
0.0242352 0.0166617 0.676486 0.282617 
0.045335 0.0175319 0.474545 0.462588 
0.0389957 0.0188504 0.544251 0.397903 
0.0328764 0.0198655 0.611795 0.335463 
0.0271953 0.0205409 0.674769 0.277495 
0.0781747 0.236185 0.665028 0.0206125 
0.0634347 0.287477 0.629575 0.0195136 
0.0494916 0.280361 0.654923 0.0152245 
0.0384133 0.272005 0.677765 0.0118166 
0.0296874 0.262772 0.698408 0.00913237 
0.0228629 0.252958 0.717146 0.00703303 
0.04183 0.289258 0.656045 0.0128676 
0.0321622 0.333605 0.630522 0.00371011 
0.024863 0.322367 0.649901 0.00286811 
0.044866 0.363576 0.586383 0.00517558 
0.0338573 0.411549 0.553129 0.00146462 
0.0263018 0.399635 0.572925 0.00113778 
0.0601912 0.202309 0.537646 0.199854 
0.049173 0.247914 0.512432 0.190481 
0.0398876 0.251375 0.554225 0.154512 
0.0319718 0.251861 0.592318 0.123849 
0.0253663 0.249782 0.62659 0.0982615 
0.0199529 0.245596 0.65716 0.0772916 
0.0155827 0.239755 0.6843 0.0603627 
0.012098 0.232674 0.708364 0.0468641 
0.00934722 0.224712 0.729732 0.0362083 
0.00719337 0.216166 0.748776 0.0278649 
0.00551794 0.207272 0.765835 0.0213748 
0.0517684 0.238655 0.695927 0.0136499 
0.0402937 0.278634 0.677089 0.00398412 
0.0564849 0.305154 0.632776 0.00558506 
0.043208 0.35014 0.60505 0.0016021 
0.0335149 0.339489 0.625754 0.00124269 
0.0598678 0.379019 0.558893 0.00221983 
0.0326875 0.0377665 0.443537 0.486009 
0.0461885 0.0393219 0.263888 0.650602 
0.00985729 0.0335674 0.563173 0.393402 
0.00370105 0.0346591 0.740078 0.221562 
0.00386565 0.0241337 0.644161 0.327839 
0.00708176 0.0248694 0.442531 0.525518 
0.00998001 0.0258244 0.262585 0.70161 
0.0461841 0.267904 0.641713 0.0441996 
0.0360565 0.261445 0.667991 0.0345072 
0.0279936 0.253727 0.691489 0.0267908 
0.0216346 0.245113 0.712548 0.020705 
0.0166575 0.235904 0.731497 0.0159417 
0.0127858 0.226342 0.748636 0.0122364 
0.00978908 0.216615 0.764228 0.00936845 
0.00747888 0.206868 0.778496 0.00715752 
0.014027 0.242495 0.730054 0.0134243 
0.0108286 0.280801 0.704484 0.00388623 
0.00829758 0.268961 0.719763 0.00297789 
0.0889974 0.149379 0.672974 0.0886497 
0.0749434 0.188685 0.708377 0.027994 
0.115246 0.125935 0.672423 0.0863959 
0.0979088 0.160485 0.714082 0.0275245 
0.168004 0.172112 0.612654 0.0472299 
0.226063 0.308789 0.412188 0.0529598 
0.0249619 0.358377 0.506016 0.110645 
0.0203276 0.145921 0.721123 0.112629 
0.115064 0.572294 0.127176 0.185466 
0.085981 0.641463 0.11087 0.161686 
0.0629363 0.704307 0.0946805 0.138076 
0.0452471 0.759527 0.079414 0.115812 
0.0320379 0.806691 0.0656019 0.0956695 
0.090333 0.56863 0.138727 0.20231 
0.103794 0.326683 0.27895 0.290573 
0.112699 0.472945 0.15144 0.262917 
0.0863239 0.543393 0.135332 0.234951 
0.0647392 0.611282 0.118408 0.20557 
0.140571 0.331826 0.192829 0.334773 
0.0245473 0.169958 0.779605 0.0258898 
0.0297832 0.137473 0.788244 0.0445003 
0.0240578 0.166568 0.795894 0.0134797 
0.0445854 0.192934 0.737499 0.0249813 
0.035239 0.228734 0.728622 0.00740419 
0.0271057 0.219927 0.747272 0.00569528 
0.0498366 0.252724 0.686968 0.0104713 
0.0385864 0.29351 0.664863 0.00304032 
0.0297965 0.283311 0.684544 0.00234774 
0.0229378 0.272623 0.702632 0.00180733 
0.0259714 0.0327348 0.811944 0.12935 
0.0106929 0.0164725 0.812513 0.160321 
0.0227744 0.0131566 0.540797 0.423272 
0.0192424 0.0138952 0.609234 0.357628 
0.0159483 0.0143956 0.673251 0.296405 
0.012987 0.0146533 0.730991 0.241369 
0.0104119 0.0146847 0.781394 0.193509 
0.017244 0.0152004 0.647068 0.320487 
0.00614866 0.0149049 0.807533 0.171413 
0.099395 0.240237 0.634161 0.0262077 
0.0807971 0.292929 0.601419 0.0248546 
0.0645941 0.351278 0.560946 0.023182 
0.0506699 0.344444 0.586702 0.0181848 
0.039534 0.33593 0.610348 0.0141882 
0.0307077 0.326163 0.632109 0.0110206 
0.0237631 0.315501 0.652208 0.00852825 
0.0183318 0.304237 0.670852 0.00657903 
0.0141049 0.292609 0.688224 0.00506205 
0.0258256 0.334848 0.630058 0.00926845 
0.0525332 0.446942 0.383214 0.11731 
0.049914 0.21233 0.663739 0.0740175 
0.0391689 0.208276 0.694472 0.0580835 
0.0305158 0.20283 0.721402 0.0452519 
0.0236342 0.196362 0.744956 0.0350471 
0.0426697 0.221573 0.672482 0.0632749 
0.0507715 0.175763 0.666806 0.10666 
0.196755 0.425268 0.144978 0.233 
0.190944 0.550276 0.0703478 0.188432 
0.172013 0.594864 0.0633733 0.16975 
0.128725 0.667743 0.0553291 0.148203 
0.0941113 0.732285 0.0471932 0.12641 
0.0674596 0.78736 0.0394665 0.105714 
0.0475779 0.832964 0.0324741 0.0869841 
0.137742 0.602876 0.0705115 0.18887 
0.121442 0.708709 0.0310836 0.138766 
0.0878318 0.768852 0.0262278 0.117088 
0.058759 0.272679 0.612328 0.0562342 
0.0470914 0.3278 0.572529 0.0525792 
0.0369984 0.32193 0.599762 0.0413101 
0.0288959 0.314286 0.624555 0.0322634 
0.0224564 0.305308 0.647162 0.0250734 
0.0173805 0.295372 0.667841 0.0194059 
0.0134061 0.284788 0.686837 0.0149684 
0.0103113 0.273804 0.704371 0.0115129 
0.00791203 0.262619 0.720635 0.00883407 
0.00605883 0.251384 0.735793 0.00676491 
0.00463175 0.240216 0.74998 0.00517151 
0.00865862 0.280664 0.70101 0.00966767 
0.00661195 0.321483 0.669136 0.00276843 
0.269963 0.278259 0.0807646 0.371013 
0.313733 0.238275 0.0395196 0.408472 
0.351357 0.196627 0.0186354 0.433381 
0.134029 0.450032 0.0853038 0.330636 
0.127373 0.570246 0.0405339 0.261847 
0.156731 0.517027 0.0210006 0.305242 
0.187541 0.455857 0.0105806 0.346022 
0.219166 0.392537 0.00520623 0.38309 
0.250899 0.331116 0.00250949 0.415475 
0.282053 0.274276 0.00118783 0.442483 
0.0997738 0.582135 0.0050422 0.313048 
0.148091 0.152719 0.462977 0.236213 
0.241074 0.139841 0.282626 0.336459 
0.308331 0.131789 0.1522 0.40768 
0.0824232 0.211379 0.488236 0.217962 
0.030533 0.215335 0.633019 0.121113 
0.0349674 0.164406 0.60413 0.196496 
0.0377462 0.118314 0.543449 0.300491 
0.0138981 0.119799 0.700342 0.165961 
0.0152309 0.0875247 0.639586 0.257658 
0.0146083 0.12592 0.7668 0.092672 
0.0498305 0.739983 0.173095 0.0370917 
0.035466 0.790005 0.14373 0.0307993 
0.0974704 0.542788 0.296257 0.0634837 
0.0953517 0.707986 0.144909 0.0517532 
0.0687581 0.765793 0.121909 0.0435391 
0.178921 0.498184 0.237923 0.0849725 
0.173216 0.643064 0.115168 0.0685524 
0.198782 0.590382 0.132166 0.0786704 
0.177865 0.704345 0.0591296 0.0586603 
0.402142 0.398121 0.100266 0.0994706 
0.377246 0.497964 0.0470295 0.0777604 
0.347724 0.107593 0.0596184 0.485065 
0.226909 0.174602 0.0737134 0.524776 
0.0707182 0.326497 0.275682 0.327103 
0.0771633 0.475005 0.150403 0.297429 
0.0588072 0.543011 0.133729 0.264453 
0.0439559 0.608816 0.116616 0.230612 
0.0322664 0.670365 0.0998706 0.197498 
0.0763008 0.396305 0.177124 0.35027 
0.0746395 0.193838 0.303218 0.428304 
0.0322917 0.230619 0.45914 0.277949 
0.219297 0.306763 0.155816 0.318124 
0.38414 0.158401 0.00857858 0.44888 
0.164496 0.406983 0.0440822 0.384439 
0.0816503 0.555534 0.0765831 0.286233 
0.0742829 0.673876 0.0348364 0.217005 
0.0538707 0.733052 0.0294743 0.183603 
0.135714 0.461687 0.0556902 0.346908 
0.127046 0.576263 0.0260665 0.270625 
0.15512 0.518445 0.0134007 0.313035 
0.424636 0.142674 0.00737561 0.425315 
0.191293 0.385637 0.0398715 0.383198 
0.0972937 0.539382 0.0709766 0.292348 
0.113578 0.314828 0.144998 0.426597 
0.0534045 0.407091 0.238624 0.30088 
0.0508303 0.193734 0.397463 0.357972 
0.0202376 0.212117 0.553861 0.213784 
0.0378759 0.223307 0.38872 0.350097 
0.0542821 0.235814 0.234567 0.475337 
0.06985 0.223591 0.12709 0.579468 
0.0170556 0.327572 0.372388 0.282984 
0.013798 0.864425 0.0710367 0.0507405 
0.253382 0.293962 0.169746 0.28291 
0.313019 0.267585 0.088294 0.331102 
0.363536 0.228988 0.0431762 0.364299 
0.121821 0.460404 0.173621 0.244154 
0.118738 0.598336 0.0846132 0.198312 
0.0881944 0.666634 0.0733223 0.171849 
0.0641797 0.727672 0.06225 0.145898 
0.159568 0.452297 0.116078 0.272057 
0.0463055 0.773704 0.0432248 0.136766 
0.032682 0.81911 0.0355922 0.112616 
0.0937479 0.587402 0.076572 0.242278 
0.0967501 0.082707 0.292398 0.528145 
0.123855 0.0780153 0.157607 0.640523 
0.0247136 0.14448 0.495311 0.335495 
0.0205737 0.150347 0.549784 0.279295 
0.016852 0.153937 0.60044 0.228771 
0.0136053 0.15535 0.646348 0.184697 
0.0108471 0.154819 0.687081 0.147252 
0.00855628 0.152654 0.722636 0.116154 
0.0066896 0.149187 0.75331 0.0908134 
0.0764456 0.3991 0.464707 0.059748 
0.0656796 0.171447 0.698707 0.0641669 
0.076986 0.133974 0.682488 0.106552 
0.0868926 0.100809 0.641926 0.170372 
0.093393 0.0722336 0.574957 0.259417 
0.0346734 0.0737486 0.74711 0.144468 
0.0380568 0.0539634 0.683346 0.224634 
0.0395717 0.0374076 0.592122 0.330899 
0.205501 0.17881 0.281075 0.334614 
0.265984 0.170533 0.15318 0.410303 
0.0673729 0.259172 0.465598 0.207856 
0.0822675 0.421959 0.284266 0.211507 
0.0635954 0.489282 0.256371 0.190752 
0.0482089 0.556355 0.226735 0.168701 
0.0358675 0.620894 0.196806 0.146433 
0.0799686 0.346079 0.329092 0.24486 
0.183101 0.492161 0.0190819 0.305656 
0.217111 0.430006 0.0095269 0.343356 
0.251504 0.367038 0.00464675 0.376812 
0.285511 0.307018 0.00222108 0.40525 
0.318441 0.252316 0.00104305 0.4282 
0.349758 0.204201 0.000482372 0.445559 
0.141495 0.495659 0.00234174 0.360504 
0.134102 0.0518596 0.539026 0.275013 
0.112441 0.0543538 0.602613 0.230592 
0.0925852 0.0559444 0.661598 0.189872 
0.074997 0.056646 0.714555 0.153802 
0.0598852 0.0565398 0.760764 0.122811 
0.0472384 0.0557494 0.800137 0.0968756 
0.0368863 0.0544152 0.833053 0.0756457 
0.0285655 0.0526753 0.860178 0.0585816 
0.0519223 0.0598411 0.781755 0.106481 
0.0580704 0.0446179 0.728601 0.16871 
0.0621745 0.0318475 0.65008 0.255898 
0.221709 0.406467 0.169746 0.202079 
0.282747 0.381956 0.0911487 0.244148 
0.33908 0.337514 0.0460247 0.277381 
0.389776 0.285877 0.0222762 0.302071 
0.43503 0.235103 0.0104684 0.319398 
0.166674 0.540454 0.0481294 0.244743 
0.149444 0.646111 0.021577 0.182869 
0.110118 0.714129 0.0185488 0.157204 
0.261895 0.424607 0.0330863 0.280412 
0.242887 0.525054 0.0153425 0.216717 
0.0348964 0.323882 0.549618 0.0916031 
0.0426667 0.528 0.336 0.0933333 
0.0319468 0.593012 0.293511 0.0815308 
0.0235073 0.654532 0.251969 0.0699914 
0.0170229 0.710971 0.212875 0.0591318 
0.0121521 0.761309 0.177292 0.0492477 
0.00856739 0.8051 0.145825 0.040507 
0.0245068 0.575743 0.312848 0.0869022 
0.0253042 0.297238 0.565296 0.112162 
0.0296497 0.232188 0.551979 0.186183 
0.0384873 0.401861 0.358253 0.201399 
0.0297381 0.465762 0.322948 0.181552 
0.0225808 0.530495 0.286092 0.160832 
0.0460459 0.270441 0.437541 0.245972 
0.079737 0.263429 0.284131 0.372703 
0.0412431 0.103967 0.767491 0.0872993 
0.0321754 0.101386 0.798333 0.0681056 
0.024914 0.0981313 0.824219 0.0527355 
0.0191754 0.0944099 0.845826 0.0405885 
0.0146876 0.0903932 0.86383 0.0310893 
0.172397 0.225009 0.275097 0.327497 
0.225567 0.21693 0.151554 0.405949 
0.0542529 0.313053 0.437418 0.195276 
0.0959815 0.311534 0.290197 0.302288 
0.130747 0.312698 0.166446 0.390109 
0.0273273 0.392138 0.417463 0.163072 
0.0236028 0.169347 0.630992 0.176058 
0.0258876 0.123826 0.576727 0.273559 
0.578313 0.0909332 0.000678402 0.330076 
0.322682 0.304429 0.00454236 0.368346 
0.427441 0.167141 0.000950057 0.404468 
0.189921 0.445586 0.00506556 0.359427 
0.313192 0.288806 0.000131275 0.397871 
0.110149 0.609435 0.000554029 0.279861 
0.0952661 0.702788 0.000239585 0.201706 
0.0716728 0.326771 0.415891 0.185665 
0.0567191 0.387891 0.383973 0.171417 
0.0440875 0.45226 0.348204 0.155448 
0.0336527 0.517826 0.310089 0.138432 
