0.25 0.25 0.25 0.25 
0.114286 0.314286 0.4 0.171429 
0.0963855 0.13253 0.590361 0.180723 
0.103337 0.0947255 0.527449 0.274489 
0.173795 0.089613 0.332654 0.403938 
0.272727 0.363636 0.136364 0.227273 
0.335294 0.329412 0.0705882 0.264706 
0.390552 0.282726 0.0346195 0.292102 
0.126533 0.549597 0.134595 0.189274 
0.144864 0.314607 0.269663 0.270867 
0.156627 0.45354 0.145781 0.244052 
0.121253 0.526661 0.131665 0.220422 
0.0993789 0.409938 0.434783 0.0559006 
0.0772325 0.477876 0.394208 0.0506838 
0.0588175 0.5459 0.35025 0.0450322 
0.043932 0.611616 0.305211 0.0392414 
0.0965168 0.335924 0.502901 0.0646587 
0.116124 0.269445 0.504222 0.110209 
0.0913649 0.105998 0.69425 0.108388 
0.0433604 0.327913 0.531165 0.097561 
0.0514469 0.259378 0.525188 0.163987 
0.0575252 0.193349 0.489364 0.259762 
0.0213717 0.19754 0.636328 0.14476 
0.024056 0.148234 0.596876 0.230834 
0.0253945 0.104321 0.525073 0.345211 
0.0435556 0.100647 0.337718 0.51808 
0.00759309 0.105275 0.706497 0.180635 
0.130435 0.478261 0.228261 0.163043 
0.119048 0.52381 0.208333 0.14881 
0.0900901 0.594595 0.183934 0.131381 
0.0667408 0.660734 0.158973 0.113552 
0.355556 0.2 0.133333 0.311111 
0.416438 0.172603 0.0657534 0.345205 
0.142056 0.353271 0.269159 0.235514 
0.131034 0.162931 0.434483 0.271552 
0.165487 0.27436 0.27436 0.285792 
0.134484 0.334439 0.260119 0.270958 
0.179999 0.329833 0.146592 0.343576 
0.222222 0.111111 0.388889 0.277778 
0.0875513 0.180575 0.670315 0.0615595 
0.0690151 0.17793 0.704529 0.0485262 
0.0539465 0.173851 0.734271 0.0379311 
0.0950314 0.191408 0.646741 0.0668189 
0.110986 0.149029 0.629433 0.110552 
0.154892 0.277314 0.439221 0.128573 
0.127406 0.28513 0.481706 0.105757 
0.102708 0.344783 0.453045 0.0994647 
0.175103 0.135431 0.402189 0.287278 
0.148062 0.171776 0.396761 0.283401 
0.125989 0.182709 0.45015 0.241152 
0.105366 0.191002 0.501954 0.201678 
0.0868805 0.236238 0.482871 0.194011 
0.0705811 0.287877 0.45766 0.183881 
0.0564259 0.345214 0.426855 0.171504 
0.0443484 0.406986 0.391405 0.157261 
0.0342475 0.471435 0.352634 0.141683 
0.438733 0.234025 0.0163749 0.310868 
0.480765 0.18896 0.00755523 0.322721 
0.204526 0.482321 0.0385696 0.274583 
0.186658 0.586913 0.0176001 0.208829 
0.226426 0.524598 0.00898936 0.239987 
0.268241 0.457932 0.00448399 0.269343 
0.310925 0.391116 0.00218842 0.295771 
0.1 0.55 0.204167 0.145833 
0.075 0.61875 0.178646 0.127604 
0.0551302 0.682236 0.153203 0.109431 
0.0398083 0.738942 0.129062 0.0921873 
0.101947 0.473097 0.247891 0.177065 
0.1026 0.238064 0.436588 0.222749 
0.0811646 0.0941637 0.604407 0.220265 
0.0845769 0.065415 0.524848 0.325161 
0.0326656 0.0694782 0.709479 0.188377 
0.0344456 0.130248 0.738428 0.0968784 
0.039417 0.0993636 0.704168 0.157052 
0.0430807 0.0723995 0.641349 0.24317 
0.080212 0.0758254 0.447798 0.396164 
0.0686616 0.0811333 0.511088 0.339117 
0.0580762 0.102938 0.504344 0.334642 
0.0487503 0.129612 0.493915 0.327723 
0.0407256 0.135346 0.550151 0.273777 
0.0334579 0.138991 0.602631 0.22492 
0.0270777 0.140608 0.650285 0.182029 
0.193353 0.299094 0.253776 0.253776 
0.156671 0.363525 0.239902 0.239902 
0.146052 0.406664 0.223642 0.223642 
0.194286 0.398607 0.125264 0.281843 
0.240528 0.363616 0.0652958 0.33056 
0.283271 0.315539 0.0323785 0.368812 
0.0857703 0.573243 0.117645 0.223342 
0.10003 0.334273 0.240106 0.325591 
0.0914064 0.152728 0.383963 0.371903 
0.0378787 0.174049 0.556898 0.231174 
0.0400625 0.122722 0.490838 0.346378 
0.0729345 0.0334283 0.651472 0.242165 
0.0743334 0.022713 0.553306 0.349648 
0.123777 0.0212742 0.345505 0.509443 
0.161261 0.0204229 0.18953 0.628786 
0.126984 0.232804 0.37037 0.269841 
0.0444085 0.335839 0.566671 0.053082 
0.034934 0.396282 0.520067 0.0487165 
0.0270191 0.459746 0.469276 0.0439587 
0.0205404 0.524261 0.416211 0.0389879 
0.0153516 0.587738 0.362915 0.0339955 
0.0333752 0.319444 0.591749 0.0554312 
0.0262175 0.376403 0.581051 0.0163287 
0.0203586 0.365359 0.601603 0.0126797 
0.150495 0.49901 0.142574 0.207921 
0.136838 0.544472 0.129636 0.189053 
0.103247 0.616221 0.114115 0.166418 
0.0762045 0.682231 0.0982637 0.143301 
0.178075 0.398559 0.172217 0.25115 
0.177209 0.528828 0.0856897 0.208274 
0.221438 0.486918 0.045085 0.246559 
0.329897 0.0927835 0.216495 0.360825 
0.396867 0.0822454 0.109661 0.411227 
0.0522651 0.178716 0.60655 0.162469 
0.0576221 0.131356 0.557267 0.253755 
0.0594614 0.0903656 0.479212 0.370961 
0.0233948 0.0977733 0.659903 0.218929 
0.0246613 0.0687108 0.579688 0.32694 
0.0677966 0.0466102 0.726695 0.158898 
0.133108 0.0343169 0.44586 0.386715 
0.115026 0.0370689 0.513723 0.334182 
0.0974377 0.039251 0.580228 0.283083 
0.0809807 0.040777 0.642971 0.235271 
0.144231 0.423077 0.252404 0.180288 
0.141011 0.206816 0.431845 0.220329 
0.0552613 0.222887 0.592332 0.129519 
0.0627294 0.168672 0.560317 0.208281 
0.0224025 0.165654 0.700369 0.111575 
0.0256162 0.126278 0.667366 0.180739 
0.0277837 0.0913088 0.603195 0.277712 
0.00989928 0.0894663 0.752212 0.148423 
0.0109185 0.0657851 0.691382 0.231914 
0.0113797 0.0457092 0.600488 0.342423 
0.0202524 0.0457585 0.400757 0.533232 
0.517555 0.149888 0.00342459 0.329132 
0.244563 0.424965 0.0194189 0.311053 
0.0524017 0.528384 0.320961 0.0982533 
0.0392799 0.594108 0.280687 0.0859247 
0.0289215 0.656156 0.241113 0.07381 
0.020949 0.712921 0.203756 0.0623742 
0.0149549 0.763399 0.169698 0.0519483 
0.040197 0.512983 0.342096 0.104723 
0.0391684 0.249928 0.583349 0.127554 
0.0448863 0.190942 0.55709 0.207082 
0.108254 0.35724 0.473613 0.0608931 
0.124127 0.54616 0.271528 0.0581846 
0.093467 0.616882 0.238536 0.0511148 
0.0688921 0.682032 0.205121 0.0439546 
0.16164 0.400059 0.360954 0.0773473 
0.14829 0.183509 0.579501 0.0886991 
0.125543 0.233039 0.613258 0.0281598 
0.0994259 0.230699 0.647573 0.0223016 
0.0780709 0.226436 0.677981 0.0175116 
0.0608691 0.22068 0.704797 0.0136532 
0.107762 0.244182 0.623884 0.0241715 
0.0853255 0.290013 0.617485 0.00717708 
0.0667476 0.283585 0.644053 0.00561441 
0.244422 0.139296 0.236382 0.379899 
0.303067 0.127266 0.12341 0.446258 
0.0880985 0.22197 0.430487 0.259445 
0.146488 0.207611 0.268426 0.377475 
0.190221 0.198647 0.146763 0.464369 
0.0467144 0.292701 0.432505 0.228079 
0.0815094 0.287279 0.282995 0.348217 
0.065268 0.345054 0.264374 0.325304 
0.0350877 0.398026 0.537281 0.0296053 
0.0271263 0.461571 0.4846 0.0267025 
0.0206127 0.526106 0.429609 0.0236723 
0.0153987 0.58954 0.374429 0.0206318 
0.0113174 0.649935 0.321057 0.0176909 
0.00819258 0.705722 0.271145 0.0149406 
0.0205232 0.441975 0.509431 0.0280707 
0.0154217 0.498168 0.478501 0.00790991 
0.0115939 0.561779 0.419689 0.00693772 
0.124524 0.385246 0.26494 0.225289 
0.0977174 0.45347 0.242557 0.206256 
0.0750785 0.522617 0.217422 0.184883 
0.0565197 0.590145 0.190957 0.162378 
0.170213 0.0425532 0.521277 0.265957 
0.17274 0.0647773 0.661269 0.101215 
0.139687 0.0654784 0.712987 0.0818479 
0.11139 0.0652678 0.758074 0.0652678 
0.0877776 0.0642902 0.7965 0.0514322 
0.0684921 0.0627064 0.828669 0.0401321 
0.121839 0.0697171 0.737053 0.0713903 
0.13788 0.0525969 0.695072 0.114451 
0.150802 0.0383509 0.633513 0.177335 
0.463563 0.141573 0.0308186 0.364045 
0.192277 0.35233 0.153395 0.301997 
0.194138 0.474321 0.0774402 0.254101 
0.237632 0.427799 0.0399113 0.294658 
0.27996 0.371369 0.0197981 0.328873 
0.320503 0.313269 0.00954327 0.356684 
0.358801 0.258412 0.00449836 0.378289 
0.13192 0.570062 0.0198469 0.278171 
0.116359 0.670423 0.0087529 0.204465 
0.0645885 0.434178 0.32967 0.171563 
0.0707304 0.380372 0.36102 0.187878 
0.0669347 0.119987 0.498233 0.314846 
0.0480717 0.0430865 0.626194 0.282648 
0.0481178 0.0287518 0.522329 0.400802 
0.0188214 0.0309276 0.715088 0.235163 
0.0194337 0.0212891 0.615292 0.343985 
0.0345102 0.0212653 0.409736 0.534489 
0.0295463 0.0273098 0.409267 0.533877 
0.254074 0.289595 0.14041 0.315921 
0.307643 0.258375 0.0715846 0.362397 
0.353009 0.218456 0.0345855 0.39395 
0.123142 0.457233 0.144776 0.274849 
0.119068 0.589475 0.0699933 0.221463 
0.0886379 0.658232 0.0607891 0.192341 
0.0646377 0.720007 0.0517177 0.163638 
0.159145 0.443184 0.0955008 0.302171 
0.151622 0.562979 0.0454932 0.239906 
0.114083 0.63539 0.0399347 0.210593 
0.0443996 0.0497439 0.550819 0.355037 
0.0168077 0.0517849 0.729805 0.201602 
0.017784 0.0365285 0.643496 0.302192 
0.00629797 0.0355743 0.797601 0.160526 
0.00683007 0.0257199 0.720824 0.246626 
0.00701203 0.0176034 0.61669 0.358695 
0.00254809 0.0175914 0.784342 0.195518 
0.00269674 0.0124118 0.691749 0.293143 
0.00513094 0.0132835 0.493557 0.488028 
0.00438452 0.0170267 0.492051 0.486538 
0.0289658 0.164291 0.776194 0.0305499 
0.0222848 0.157996 0.796216 0.0235035 
0.0170777 0.151348 0.813563 0.0180116 
0.0318339 0.176326 0.758265 0.0335748 
0.0384079 0.141826 0.762379 0.0573868 
0.0452085 0.111292 0.747807 0.0956928 
0.0514821 0.0844908 0.70965 0.154377 
0.0560877 0.0613662 0.64428 0.238266 
0.103733 0.0638411 0.446842 0.385584 
0.134078 0.24581 0.410615 0.209497 
0.109339 0.300683 0.390661 0.199317 
0.0875646 0.361204 0.365005 0.186227 
0.0722499 0.372538 0.401555 0.153656 
0.056498 0.436977 0.366343 0.140182 
0.0433629 0.503078 0.328035 0.125524 
0.0326742 0.568607 0.288372 0.110346 
0.0241895 0.631432 0.249071 0.0953077 
0.0549348 0.358498 0.424233 0.162334 
0.0465743 0.151969 0.629421 0.172036 
0.0413693 0.202478 0.698849 0.0573036 
0.0418768 0.168693 0.759986 0.0294446 
0.0323247 0.162768 0.782179 0.0227283 
0.0590005 0.185682 0.713833 0.0414847 
0.0705394 0.147997 0.711199 0.0702638 
0.0818882 0.114539 0.688018 0.115555 
0.0914646 0.0852891 0.640399 0.182847 
0.0840309 0.117536 0.735438 0.062995 
0.0322267 0.672985 0.261205 0.0335835 
0.0232579 0.728536 0.219929 0.0282766 
0.0594002 0.465166 0.42127 0.0541633 
0.0541522 0.212035 0.672091 0.0617226 
0.0642357 0.167678 0.664364 0.103722 
0.0732784 0.127522 0.631575 0.167625 
0.0794713 0.0921991 0.570792 0.257538 
0.177847 0.480499 0.131045 0.210608 
0.226096 0.450104 0.0701461 0.253653 
0.273198 0.400749 0.0356882 0.290365 
0.318192 0.34392 0.0175014 0.320387 
0.360557 0.287156 0.00835015 0.343937 
0.399954 0.234708 0.00390002 0.361438 
0.436177 0.188606 0.00179083 0.373426 
0.186707 0.484401 0.00919888 0.319693 
0.169182 0.585245 0.00416773 0.241405 
0.203621 0.519014 0.00211204 0.275253 
0.240202 0.451136 0.00104904 0.307613 
0.277856 0.384526 0.000510944 0.337107 
0.102436 0.131351 0.371497 0.394716 
0.140403 0.132658 0.214397 0.512542 
0.0309654 0.175543 0.567413 0.226079 
0.0329028 0.124351 0.502429 0.340317 
0.0124451 0.129344 0.66513 0.193081 
0.0134326 0.093072 0.598259 0.295237 
0.0244913 0.0954537 0.409045 0.471009 
0.0240325 0.112399 0.401383 0.462186 
0.140219 0.661338 0.0154248 0.183019 
0.102819 0.727415 0.0131957 0.15657 
0.0738641 0.783851 0.0110596 0.131225 
0.227907 0.0865898 0.183675 0.501827 
0.269884 0.0755546 0.0915813 0.56298 
0.0915438 0.153767 0.372768 0.381921 
0.208487 0.178225 0.235234 0.378054 
0.261585 0.16477 0.124271 0.449373 
0.07186 0.271584 0.409662 0.246894 
0.0273974 0.284747 0.546659 0.141197 
0.03139 0.217495 0.521936 0.229179 
0.0112105 0.213608 0.652409 0.122772 
0.0128677 0.163456 0.624039 0.199637 
0.0139157 0.117845 0.562386 0.305853 
0.0139937 0.0790038 0.471282 0.435721 
0.00552166 0.0857273 0.650859 0.257892 
0.00569007 0.0588947 0.558925 0.37649 
0.0283062 0.788151 0.107067 0.0764761 
0.0779783 0.542802 0.221211 0.158008 
0.0834878 0.290577 0.414471 0.211465 
0.0314998 0.301494 0.547328 0.119678 
0.0367068 0.234221 0.531502 0.19757 
0.0400877 0.170529 0.483713 0.30567 
0.0685419 0.164009 0.310145 0.457305 
0.0566503 0.203331 0.299059 0.44096 
0.500748 0.112685 0.0140172 0.37255 
0.239574 0.323472 0.080475 0.356479 
0.129804 0.240984 0.267065 0.362147 
0.0571709 0.291882 0.411691 0.239256 
0.0671357 0.457009 0.241724 0.234131 
0.0513343 0.524168 0.215636 0.208863 
0.0385152 0.58991 0.188752 0.182823 
0.028385 0.65213 0.162291 0.157194 
0.0658537 0.378238 0.282389 0.273519 
0.353227 0.3274 0.00104681 0.318326 
0.394015 0.269098 0.000491656 0.336395 
0.146621 0.600823 0.00219547 0.25036 
0.126676 0.692123 0.000948407 0.180252 
0.00951873 0.107534 0.688852 0.194095 
0.0102328 0.0770669 0.617105 0.295595 
0.0102881 0.0516556 0.517034 0.421023 
0.00396688 0.0547728 0.697753 0.243507 
0.00410263 0.0377648 0.601359 0.356773 
0.00149302 0.037794 0.765959 0.194754 
0.00158682 0.0267789 0.678399 0.293235 
0.00300744 0.0285487 0.482155 0.486289 
0.00257518 0.0305567 0.550473 0.416395 
0.06 0.48 0.36 0.1 
0.056872 0.227488 0.597156 0.118483 
0.06507 0.17352 0.569363 0.192047 
0.087796 0.312163 0.384107 0.215933 
0.0698963 0.37278 0.356762 0.200561 
0.0546373 0.437099 0.325358 0.182906 
0.0419236 0.503083 0.291257 0.163736 
0.0315839 0.56851 0.255994 0.143912 
0.0233798 0.631254 0.221081 0.124285 
0.0170259 0.689549 0.187832 0.105593 
0.0415791 0.420989 0.344029 0.193403 
0.0379414 0.192078 0.549378 0.220602 
0.0696135 0.198235 0.377992 0.354159 
0.0105417 0.80718 0.139557 0.0427214 
0.0248381 0.156337 0.80136 0.0174643 
0.0190155 0.14961 0.818004 0.0133702 
0.03555 0.174813 0.764641 0.0249961 
0.0281485 0.207625 0.756804 0.00742196 
0.0215834 0.199001 0.773725 0.00569093 
0.0400796 0.230961 0.718391 0.0105679 
0.0311063 0.268878 0.69694 0.0030757 
0.0239365 0.258629 0.715067 0.00236677 
0.0438815 0.296332 0.655448 0.00433887 
0.103868 0.0634749 0.4418 0.390857 
0.0151073 0.0698186 0.787164 0.12791 
0.0176693 0.0241953 0.53279 0.425346 
0.0118282 0.00809842 0.624155 0.355918 
0.0113561 0.00518345 0.499368 0.484092 
0.0793429 0.112506 0.531536 0.276616 
0.0658281 0.116678 0.587996 0.229498 
0.0537299 0.119043 0.639908 0.18732 
0.0432238 0.119707 0.686377 0.150692 
0.0343395 0.118878 0.727064 0.119719 
0.0269949 0.116815 0.762077 0.094113 
0.0210367 0.11379 0.791833 0.0733407 
0.037471 0.126678 0.705215 0.130636 
0.0418824 0.0943947 0.656867 0.206856 
0.130435 0.403533 0.271852 0.19418 
0.124145 0.192036 0.452799 0.23102 
0.0480516 0.204407 0.613413 0.134128 
0.0542639 0.153889 0.577266 0.214581 
0.0995559 0.158813 0.397158 0.344473 
0.140191 0.164784 0.235479 0.459545 
0.0287646 0.202863 0.579792 0.18858 
0.0314601 0.147915 0.528435 0.29219 
0.0553395 0.146356 0.348577 0.449727 
0.00919894 0.145971 0.695317 0.149514 
0.0893869 0.450432 0.24959 0.210591 
0.0902669 0.606489 0.126024 0.177221 
0.0666774 0.671992 0.108605 0.152726 
0.0483327 0.730664 0.0918455 0.129158 
0.03447 0.781645 0.0764197 0.107465 
0.0937208 0.531305 0.155834 0.219141 
0.0286136 0.0240433 0.745455 0.201888 
0.0300606 0.0168395 0.652628 0.300471 
0.0297391 0.0111063 0.53804 0.421115 
0.0115487 0.0118606 0.73129 0.245301 
0.0210515 0.00810749 0.41657 0.554271 
0.0289358 0.00821135 0.241089 0.721764 
0.079668 0.410788 0.46473 0.0448133 
0.0633489 0.408304 0.492714 0.0356338 
0.0490237 0.47396 0.444845 0.0321718 
0.0372384 0.54003 0.394221 0.0285107 
0.0277801 0.604299 0.343107 0.024814 
0.0203746 0.66481 0.293583 0.0212324 
0.0482023 0.393203 0.520921 0.0376737 
0.0369852 0.452552 0.499623 0.01084 
0.028902 0.442056 0.520571 0.0084709 
0.0225086 0.430338 0.540556 0.00659708 
0.0174788 0.417716 0.559682 0.00512287 
0.0135391 0.404454 0.578039 0.00396817 
0.0104646 0.390763 0.595705 0.00306708 
0.0685207 0.119242 0.595294 0.216944 
0.124888 0.122251 0.406877 0.345984 
0.174899 0.126152 0.239919 0.459029 
0.0369852 0.16006 0.608816 0.194138 
0.100046 0.192431 0.435399 0.272124 
0.0824012 0.237738 0.418376 0.261485 
0.0668744 0.289411 0.396132 0.247582 
0.0534144 0.346741 0.369135 0.230709 
0.0419481 0.408461 0.33821 0.211381 
0.0323716 0.472819 0.304498 0.190311 
0.0245448 0.537751 0.269356 0.168348 
0.0182921 0.601141 0.234195 0.146372 
0.0402908 0.331023 0.386884 0.241802 
0.0151049 0.341273 0.507645 0.135976 
0.531229 0.088085 0.00626121 0.374425 
0.0790138 0.0896312 0.441109 0.390246 
0.112797 0.094282 0.265141 0.52778 
0.0229461 0.115078 0.647246 0.21473 
0.024327 0.0813352 0.57183 0.322508 
0.00890065 0.0818362 0.732266 0.176997 
0.0096283 0.0590177 0.660109 0.271245 
0.00979155 0.0400122 0.559418 0.390778 
0.00367557 0.0413046 0.734983 0.220037 
0.00384709 0.0288214 0.641067 0.326265 
0.00377353 0.0188469 0.524009 0.453371 
0.0752168 0.189373 0.682523 0.0528868 
0.0610396 0.230519 0.692347 0.0160944 
0.0473758 0.223646 0.716486 0.0124917 
0.036591 0.215918 0.737843 0.00964801 
0.0665158 0.245313 0.670633 0.0175384 
0.0817384 0.20097 0.68676 0.0305322 
0.0983294 0.161174 0.688463 0.0520334 
0.115246 0.125935 0.672423 0.0863959 
0.166693 0.242872 0.486299 0.104136 
0.391469 0.178505 0.0161489 0.413878 
0.157594 0.431164 0.0780126 0.33323 
0.150207 0.54794 0.037178 0.264675 
0.113425 0.620647 0.0327532 0.233174 
0.0837308 0.687243 0.0282082 0.200818 
0.0605957 0.746034 0.0238165 0.169553 
0.154529 0.475627 0.045552 0.324291 
0.142855 0.586262 0.0210554 0.249827 
0.106746 0.657108 0.0183554 0.217791 
0.0753051 0.0474579 0.350337 0.5269 
0.0994846 0.0461971 0.194874 0.659444 
0.00902373 0.0691399 0.742392 0.179444 
0.00972395 0.04967 0.666667 0.273939 
0.00985729 0.0335674 0.563173 0.393402 
0.00370105 0.0346591 0.740078 0.221562 
0.00386565 0.0241337 0.644161 0.327839 
0.00137248 0.0235634 0.800468 0.174596 
0.0165462 0.777445 0.18254 0.0234694 
0.0452807 0.531893 0.374656 0.0481701 
0.0440865 0.258933 0.638356 0.0586246 
0.0352012 0.31012 0.637125 0.0175535 
0.0272897 0.300526 0.658576 0.0136083 
0.0210787 0.29016 0.67825 0.0105111 
0.0162316 0.279296 0.696379 0.00809407 
0.0296698 0.319078 0.636457 0.0147952 
0.163265 0.336735 0.291667 0.208333 
0.175236 0.481898 0.156526 0.18634 
0.159831 0.527443 0.142766 0.169959 
0.121467 0.601261 0.126581 0.150691 
0.13807 0.546758 0.143883 0.171289 
0.127634 0.673909 0.0665039 0.131952 
0.0931617 0.737841 0.0566322 0.112366 
0.230387 0.456167 0.105038 0.208408 
0.0459375 0.180714 0.741049 0.0322998 
0.0553656 0.145202 0.744283 0.0551493 
0.0650953 0.113813 0.729234 0.0918581 
0.0740731 0.0863398 0.691507 0.14808 
0.0659309 0.115274 0.769369 0.049426 
0.0130461 0.144523 0.828671 0.0137596 
0.0245473 0.169958 0.779605 0.0258898 
0.0297832 0.137473 0.788244 0.0445003 
0.0240578 0.166568 0.795894 0.0134797 
0.0445854 0.192934 0.737499 0.0249813 
0.035239 0.228734 0.728622 0.00740419 
0.0941176 0.317647 0.423529 0.164706 
0.0784314 0.132353 0.617647 0.171569 
0.0848431 0.0954485 0.556783 0.262925 
0.0315349 0.097561 0.724316 0.146588 
0.0347362 0.0716434 0.664873 0.228748 
0.0662251 0.0768315 0.475346 0.381597 
0.0562346 0.0815512 0.538183 0.324031 
0.0468707 0.0849646 0.59809 0.270075 
0.0383996 0.0870108 0.653326 0.221263 
0.0309792 0.0877459 0.702769 0.178506 
0.0246612 0.0873133 0.745925 0.142101 
0.0194111 0.0859065 0.782833 0.111849 
0.0349576 0.132183 0.780628 0.0522315 
0.0270307 0.127762 0.80482 0.0403876 
0.0491753 0.145269 0.732081 0.0734749 
0.0571688 0.112588 0.709234 0.121009 
0.0638982 0.0838941 0.660599 0.191609 
0.0678489 0.0593874 0.584535 0.288229 
0.0250422 0.0602778 0.755107 0.159573 
0.0272037 0.0436537 0.683569 0.245573 
0.0520173 0.046953 0.490155 0.410874 
0.0274423 0.389123 0.56028 0.0231544 
0.0213718 0.378807 0.581788 0.0180325 
0.0165849 0.367451 0.60197 0.0139935 
0.0128315 0.355363 0.620979 0.0108265 
0.00990208 0.342794 0.638949 0.00835488 
0.00762472 0.329944 0.655998 0.00643336 
0.00585998 0.316973 0.672222 0.00494435 
0.0044962 0.304006 0.687704 0.00379367 
0.00344474 0.291141 0.702508 0.0029065 
0.0026357 0.278454 0.716687 0.00222387 
0.00201428 0.266003 0.730283 0.00169955 
0.0015377 0.253833 0.743332 0.00129743 
0.0028842 0.297565 0.697117 0.00243354 
0.0146958 0.305626 0.63008 0.0495982 
0.0180587 0.250376 0.645222 0.0863431 
0.0241925 0.447226 0.43219 0.0963921 
0.0184435 0.511423 0.3844 0.0857335 
0.013825 0.575035 0.336165 0.0749755 
0.0101951 0.636081 0.289219 0.0645051 
0.00740391 0.692902 0.245042 0.0546523 
0.00530214 0.744309 0.204728 0.045661 
0.0139835 0.490747 0.404952 0.0903173 
0.0129367 0.227004 0.655614 0.104445 
0.0150675 0.176263 0.636334 0.172335 
0.0166125 0.129558 0.584654 0.269176 
0.0305229 0.133899 0.40283 0.432748 
0.0261382 0.14333 0.459949 0.370582 
0.230382 0.190065 0.264579 0.314975 
0.295275 0.179496 0.142781 0.382449 
0.0766844 0.279696 0.444971 0.198648 
0.0837737 0.203702 0.40509 0.307434 
0.033205 0.222037 0.561973 0.182785 
0.0291971 0.292855 0.617677 0.0602708 
0.0228262 0.286191 0.643864 0.0471195 
0.0177474 0.278143 0.667474 0.0366355 
0.0137361 0.269095 0.688814 0.0283551 
0.0105917 0.259368 0.708176 0.0218641 
0.0198687 0.829827 0.0876774 0.0626267 
0.0584281 0.610071 0.193376 0.138125 
0.00839061 0.142184 0.728655 0.120771 
0.0191078 0.121422 0.518548 0.340922 
0.0158808 0.126145 0.57463 0.283345 
0.0129842 0.128921 0.62643 0.231665 
0.0104624 0.129852 0.673016 0.18667 
0.00832461 0.129149 0.713998 0.148528 
0.00655333 0.127087 0.749435 0.116925 
0.0113453 0.13751 0.648722 0.202423 
0.0121942 0.0985326 0.581051 0.308223 
0.0339573 0.235284 0.580755 0.150004 
0.0382712 0.176782 0.545445 0.239502 
0.0137039 0.174078 0.68358 0.128638 
0.0155436 0.131631 0.646123 0.206702 
0.0166319 0.0938986 0.576137 0.313332 
0.00602315 0.0935133 0.730256 0.170207 
0.00656089 0.067908 0.662877 0.262654 
0.0125409 0.0730144 0.475149 0.439296 
0.0106582 0.0775669 0.538426 0.373349 
0.0589719 0.403298 0.391077 0.146654 
0.0209541 0.13136 0.70927 0.138416 
0.0452144 0.106292 0.478265 0.370228 
0.0669196 0.115918 0.298045 0.519117 
0.0869514 0.110981 0.163058 0.63901 
0.0218057 0.166991 0.4907 0.320502 
0.00813878 0.171402 0.641023 0.179437 
0.00893592 0.12546 0.586505 0.279099 
0.00316275 0.122113 0.726549 0.148175 
0.00351438 0.0904598 0.672773 0.233253 
0.137102 0.555622 0.117859 0.189417 
0.10316 0.627102 0.103461 0.166277 
0.075936 0.692417 0.0888511 0.142796 
0.0548347 0.750009 0.0748544 0.120302 
0.0389581 0.799282 0.0620449 0.099715 
0.108187 0.554905 0.129225 0.207683 
0.0996437 0.681445 0.0595099 0.159402 
0.072352 0.742203 0.0504123 0.135033 
0.182253 0.467398 0.0952406 0.255109 
0.111888 0.25641 0.456876 0.174825 
0.0919834 0.263494 0.500798 0.143724 
0.074613 0.267169 0.541635 0.116583 
0.0600127 0.322334 0.508256 0.109398 
0.0474743 0.382483 0.469077 0.100965 
0.0379194 0.381878 0.499558 0.0806445 
0.0294487 0.444859 0.452625 0.073068 
0.0224792 0.509363 0.403087 0.0650711 
0.0168673 0.573302 0.352867 0.0569639 
0.549859 0.117338 0.00153193 0.331271 
0.284193 0.363873 0.00950129 0.342433 
0.155149 0.546282 0.0181545 0.280415 
0.137753 0.646709 0.00805951 0.207478 
0.101343 0.713661 0.00691747 0.178079 
0.0730312 0.771435 0.00581581 0.149718 
0.190911 0.504152 0.0114023 0.293534 
0.171463 0.603724 0.00512038 0.219693 
0.207432 0.538169 0.00260822 0.251791 
0.0482759 0.136907 0.499298 0.315519 
0.0182477 0.14231 0.660549 0.178893 
0.0198991 0.10346 0.600274 0.276367 
0.0202923 0.0703361 0.510114 0.399258 
0.00781074 0.0744512 0.68722 0.230518 
0.208112 0.35581 0.134178 0.3019 
0.256045 0.322561 0.0695082 0.351885 
0.298995 0.277545 0.0341758 0.389284 
0.337205 0.230642 0.0162287 0.415925 
0.371363 0.187162 0.00752535 0.43395 
0.15142 0.457881 0.0368207 0.353878 
0.0731397 0.608213 0.0622487 0.256398 
0.0906676 0.376986 0.135042 0.397305 
0.041288 0.472094 0.215232 0.271386 
0.0415697 0.237658 0.379226 0.341547 
0.0164 0.257841 0.52364 0.202119 
0.030674 0.271269 0.367274 0.330782 
0.0245004 0.325009 0.342248 0.308243 
0.0192777 0.383591 0.314174 0.282958 
0.134995 0.556853 0.140678 0.167474 
0.101516 0.628131 0.123422 0.146931 
0.0746923 0.693238 0.105945 0.126125 
0.176973 0.410634 0.188266 0.224127 
0.176025 0.544576 0.0936285 0.185771 
0.222055 0.506198 0.0497315 0.222016 
0.394511 0.209359 0.00208255 0.394047 
0.160126 0.509855 0.0101433 0.319876 
0.144054 0.611575 0.00456262 0.239808 
0.174866 0.547021 0.00233201 0.27578 
0.208129 0.479739 0.00116868 0.310963 
0.24294 0.412616 0.000574377 0.34387 
0.278286 0.348268 0.000277029 0.373169 
0.0673921 0.382239 0.421376 0.128993 
0.0582392 0.165163 0.637256 0.139342 
0.0649414 0.12278 0.592161 0.220118 
0.0682089 0.0859717 0.518296 0.327524 
0.0261342 0.0905848 0.695046 0.188235 
0.0280291 0.0647685 0.621201 0.286002 
0.0511794 0.0665232 0.425353 0.456944 
0.0718622 0.0688261 0.251473 0.607838 
0.0770116 0.402055 0.501587 0.0193469 
0.0597986 0.468286 0.454389 0.0175264 
0.0455506 0.535064 0.40381 0.0155755 
0.0340583 0.600103 0.352252 0.0135869 
0.025024 0.66138 0.301949 0.0116466 
0.0588017 0.38853 0.532143 0.0205255 
0.0447341 0.443368 0.506042 0.00585563 
0.0490868 0.389207 0.555281 0.0064254 
0.0369238 0.43915 0.522113 0.00181248 
0.0282531 0.504038 0.466091 0.001618 
0.0559418 0.249502 0.692153 0.00240276 
0.0431554 0.288711 0.667438 0.000695089 
0.0773374 0.323369 0.598048 0.00124565 
0.0590174 0.370152 0.570474 0.000356465 
0.0601912 0.202309 0.537646 0.199854 
0.049173 0.247914 0.512432 0.190481 
0.0398876 0.251375 0.554225 0.154512 
0.0319718 0.251861 0.592318 0.123849 
0.0253663 0.249782 0.62659 0.0982615 
0.0199529 0.245596 0.65716 0.0772916 
0.0155827 0.239755 0.6843 0.0603627 
0.012098 0.232674 0.708364 0.0468641 
0.00934722 0.224712 0.729732 0.0362083 
0.00719337 0.216166 0.748776 0.0278649 
0.0132098 0.248101 0.687518 0.0511706 
0.28201 0.280567 0.0398862 0.397537 
0.444308 0.0678462 0.0516923 0.436154 
0.189551 0.173668 0.264636 0.372145 
0.108029 0.362915 0.263939 0.265117 
0.146433 0.362476 0.150639 0.340451 
0.183161 0.334076 0.0793353 0.403428 
0.216778 0.291342 0.0395354 0.452344 
0.0648272 0.522752 0.141876 0.270545 
0.0710304 0.286387 0.272041 0.370542 
0.0300143 0.33279 0.402334 0.234862 
0.0523273 0.326357 0.263038 0.358278 
0.0704295 0.323663 0.149066 0.456841 
0.0149377 0.411882 0.379394 0.193787 
0.0132538 0.182726 0.589094 0.214927 
0.0145148 0.14275 0.832529 0.0102057 
0.027376 0.168273 0.785103 0.0192487 
0.0165054 0.190226 0.788916 0.004352 
0.0308969 0.222557 0.7384 0.00814665 
0.061743 0.477543 0.420195 0.0405188 
0.0469329 0.544495 0.372639 0.035933 
0.0350156 0.609354 0.324354 0.031277 
0.0256722 0.670136 0.277439 0.0267531 
0.0185257 0.725377 0.233574 0.0225232 
0.0472662 0.462681 0.446954 0.0430991 
0.0424045 0.207545 0.701718 0.0483326 
0.033951 0.249255 0.702283 0.0145115 
0.0261885 0.240332 0.722286 0.0111936 
0.0477254 0.273735 0.65814 0.020399 
0.0370351 0.31863 0.638399 0.00593613 
0.0286548 0.308163 0.65859 0.00459291 
0.0221005 0.297094 0.677263 0.00354235 
0.142132 0.278261 0.264603 0.315004 
0.187756 0.27085 0.147175 0.394218 
0.0429905 0.372099 0.404383 0.180528 
0.0399379 0.115226 0.547851 0.296985 
0.0700593 0.113698 0.360391 0.455852 
0.0867993 0.358047 0.506329 0.0488246 
0.101159 0.556375 0.295047 0.0474183 
0.0757596 0.625016 0.257793 0.041431 
0.0556083 0.688153 0.22076 0.0354793 
0.0400988 0.744334 0.18572 0.0298478 
0.103385 0.479772 0.359126 0.0577167 
0.0990386 0.229801 0.602048 0.0691127 
0.116262 0.179843 0.588958 0.114937 
0.155782 0.321301 0.394578 0.128339 
0.124845 0.38624 0.368921 0.119994 
0.0979481 0.45454 0.33768 0.109832 
0.0722212 0.223434 0.645101 0.0592439 
0.0568272 0.219761 0.676796 0.046616 
0.0443775 0.21452 0.704699 0.0364034 
0.0344404 0.208106 0.729202 0.0282519 
0.026593 0.20086 0.750733 0.0218146 
0.0204489 0.193066 0.76971 0.0167745 
0.0156716 0.184952 0.78652 0.0128556 
0.0119776 0.176696 0.801501 0.00982539 
0.0224726 0.207199 0.751894 0.0184345 
0.017556 0.242802 0.734242 0.00540052 
0.0324014 0.280072 0.677559 0.00996722 
0.024863 0.322367 0.649901 0.00286811 
0.200627 0.206897 0.219436 0.373041 
0.251136 0.19083 0.115655 0.442379 
0.292175 0.163589 0.0566544 0.487582 
0.0997616 0.335141 0.232132 0.332965 
0.106112 0.4753 0.123455 0.295133 
0.134675 0.444491 0.0659727 0.354861 
0.163013 0.396438 0.0336231 0.406925 
0.190706 0.341735 0.0165621 0.450997 
0.217516 0.287204 0.00795386 0.487326 
0.0722442 0.572341 0.0317009 0.323714 
0.0644475 0.680764 0.0141398 0.240649 
0.0466049 0.738437 0.0119294 0.203028 
0.118759 0.470423 0.0227989 0.388019 
0.109887 0.580372 0.0105478 0.299193 
0.169796 0.387067 0.15211 0.291027 
0.213644 0.35886 0.0805858 0.34691 
0.0530443 0.534594 0.240097 0.172264 
0.0554949 0.279646 0.439582 0.225278 
0.0965537 0.273682 0.286805 0.342959 
0.2 0.275 0.30625 0.21875 
0.0848806 0.320955 0.454907 0.139257 
0.0698309 0.132024 0.654937 0.143208 
0.077033 0.0970937 0.602071 0.223802 
0.0276402 0.0958049 0.756101 0.120453 
0.0309785 0.0715841 0.706185 0.191252 
0.0330216 0.0508701 0.627299 0.28881 
0.060085 0.0520658 0.428029 0.45982 
0.0841184 0.0537096 0.25231 0.609862 
0.146705 0.139255 0.433238 0.280802 
0.210253 0.147056 0.261433 0.381257 
0.266184 0.137182 0.13936 0.457274 
0.0724086 0.223901 0.454911 0.248779 
0.123432 0.214693 0.290801 0.371074 
0.163354 0.209359 0.162044 0.465243 
0.0380377 0.292502 0.452792 0.216668 
0.0676885 0.292787 0.302156 0.337368 
0.054022 0.350509 0.281341 0.314128 
0.0423868 0.412525 0.257538 0.28755 
0.0326779 0.477051 0.231638 0.258633 
0.0247515 0.542006 0.204694 0.228548 
0.0184271 0.605273 0.17779 0.198509 
0.099682 0.188461 0.317996 0.393861 
0.133699 0.186254 0.179584 0.500463 
0.162913 0.167228 0.0921368 0.577722 
0.0475329 0.292752 0.322592 0.337123 
0.0191098 0.323664 0.453924 0.203302 
0.00681794 0.317559 0.566823 0.1088 
0.00806847 0.250536 0.558991 0.182404 
0.0089717 0.185722 0.517973 0.287333 
0.0160468 0.186852 0.347417 0.449684 
0.0130858 0.228561 0.330529 0.427824 
0.0105473 0.276335 0.310813 0.402305 
0.00839073 0.32975 0.288472 0.373387 
0.00658001 0.387885 0.263923 0.341612 
0.00508162 0.449334 0.237793 0.307791 
0.149927 0.144949 0.459151 0.245974 
0.126064 0.152348 0.514763 0.206824 
0.104213 0.157427 0.567384 0.170975 
0.0848309 0.160184 0.615809 0.139176 
0.0778739 0.0522835 0.77288 0.0969621 
0.0870917 0.0389815 0.720304 0.153622 
0.09355 0.0279148 0.644765 0.23377 
0.16838 0.028262 0.435191 0.368167 
0.0267415 0.0269309 0.829386 0.116942 
0.0296628 0.0199152 0.766657 0.183765 
0.115064 0.572294 0.127176 0.185466 
0.085981 0.641463 0.11087 0.161686 
0.0629363 0.704307 0.0946805 0.138076 
0.0452471 0.759527 0.079414 0.115812 
0.0320379 0.806691 0.0656019 0.0956695 
0.090333 0.56863 0.138727 0.20231 
0.103794 0.326683 0.27895 0.290573 
0.112699 0.472945 0.15144 0.262917 
0.0863239 0.543393 0.135332 0.234951 
0.0647392 0.611282 0.118408 0.20557 
0.140571 0.331826 0.192829 0.334773 
0.066811 0.3488 0.38696 0.197429 
0.0573398 0.149677 0.581182 0.211801 
0.060903 0.105985 0.514415 0.318697 
0.0231495 0.110785 0.684358 0.181707 
0.0250339 0.079869 0.616724 0.278373 
0.04595 0.0824626 0.424501 0.447087 
0.041744 0.653798 0.164541 0.139916 
0.186822 0.03549 0.263486 0.514202 
0.0407019 0.0463921 0.688853 0.224053 
0.0422621 0.0321136 0.596049 0.329575 
0.0155885 0.0325743 0.76949 0.182347 
0.0166389 0.0231795 0.68445 0.275732 
0.0315363 0.0247123 0.486473 0.457278 
0.0269925 0.0264396 0.555175 0.391393 
0.022651 0.0277338 0.621174 0.328441 
0.0186583 0.0285564 0.682239 0.270547 
0.0326875 0.0377665 0.443537 0.486009 
0.0461885 0.0393219 0.263888 0.650602 
0.0184389 0.0529797 0.474059 0.454522 
0.0157427 0.0565411 0.539655 0.388061 
0.0131847 0.0591919 0.60262 0.325004 
0.0108456 0.0608634 0.660946 0.267345 
0.0583991 0.183789 0.735997 0.0218141 
0.0452258 0.177914 0.759967 0.0168934 
0.034848 0.171361 0.780774 0.013017 
0.0639 0.196388 0.715843 0.0238689 
0.0506244 0.233381 0.708904 0.00709125 
0.0391029 0.225333 0.730087 0.00547736 
0.0710371 0.255847 0.663165 0.00995058 
0.0551747 0.298076 0.643852 0.00289824 
0.269963 0.278259 0.0807646 0.371013 
0.313733 0.238275 0.0395196 0.408472 
0.351357 0.196627 0.0186354 0.433381 
0.134029 0.450032 0.0853038 0.330636 
0.127373 0.570246 0.0405339 0.261847 
0.156731 0.517027 0.0210006 0.305242 
0.187541 0.455857 0.0105806 0.346022 
0.219166 0.392537 0.00520623 0.38309 
0.250899 0.331116 0.00250949 0.415475 
0.282053 0.274276 0.00118783 0.442483 
0.0997738 0.582135 0.0050422 0.313048 
0.148091 0.152719 0.462977 0.236213 
0.0197297 0.153869 0.755594 0.0708074 
0.0231493 0.120358 0.738796 0.117697 
0.0197635 0.154132 0.788424 0.0376808 
0.015187 0.148051 0.807806 0.0289554 
0.0280941 0.171173 0.74717 0.0535638 
0.00994101 0.137657 0.841918 0.0104847 
0.0075594 0.130847 0.853621 0.0079728 
0.014423 0.156031 0.814334 0.0152117 
0.011338 0.183986 0.800192 0.00448427 
0.00863698 0.175194 0.812753 0.00341599 
0.0163602 0.207409 0.76976 0.00647059 
0.469171 0.149485 0.000811073 0.380533 
0.219559 0.419729 0.00455472 0.356157 
0.315469 0.32169 0.000244257 0.362597 
0.352039 0.264512 0.000114767 0.383334 
0.13004 0.586251 0.000508727 0.2832 
0.113279 0.680918 0.000221578 0.205582 
0.25871 0.388775 0.000379535 0.352135 
0.118784 0.191401 0.606295 0.0835202 
0.099395 0.240237 0.634161 0.0262077 
0.0781747 0.236185 0.665028 0.0206125 
0.0634347 0.287477 0.629575 0.0195136 
0.0494916 0.280361 0.654923 0.0152245 
0.0384133 0.272005 0.677765 0.0118166 
0.0296874 0.262772 0.698408 0.00913237 
0.0228629 0.252958 0.717146 0.00703303 
0.0134482 0.232489 0.749926 0.00413691 
0.0250035 0.270158 0.697147 0.00769152 
0.0191663 0.310632 0.667991 0.00221095 
0.0147396 0.29861 0.68495 0.00170031 
0.0270181 0.3421 0.627765 0.00311672 
0.219297 0.306763 0.155816 0.318124 
0.103386 0.471123 0.156278 0.269213 
0.0999836 0.607489 0.0755671 0.21696 
0.0739251 0.673741 0.0651843 0.18715 
0.0536106 0.732897 0.0551504 0.158342 
0.0382378 0.78411 0.0458921 0.131761 
0.104047 0.533401 0.0936562 0.268896 
0.119489 0.306283 0.188223 0.386005 
0.0543243 0.382931 0.299507 0.263238 
0.0494319 0.174222 0.476933 0.299414 
0.0186752 0.181006 0.630642 0.169676 
0.049914 0.21233 0.663739 0.0740175 
0.0391689 0.208276 0.694472 0.0580835 
0.0305158 0.20283 0.721402 0.0452519 
0.0236342 0.196362 0.744956 0.0350471 
0.0426697 0.221573 0.672482 0.0632749 
0.0507715 0.175763 0.666806 0.10666 
0.107464 0.398959 0.266749 0.226828 
0.101641 0.188671 0.441517 0.268171 
0.039579 0.202038 0.601744 0.156639 
0.0440928 0.150053 0.558642 0.247212 
0.0795469 0.152273 0.377938 0.390242 
0.0771959 0.177327 0.366768 0.378709 
0.0942182 0.327923 0.501152 0.0767069 
0.075433 0.328178 0.534976 0.0614131 
0.0597022 0.389609 0.493981 0.056707 
0.0464036 0.454236 0.447939 0.0514215 
0.0354133 0.519981 0.398822 0.0457832 
0.070988 0.260583 0.599597 0.0688313 
0.0843202 0.206349 0.593506 0.115825 
0.0525332 0.446942 0.383214 0.11731 
0.0941407 0.225262 0.450666 0.229932 
0.0767829 0.275592 0.428833 0.218792 
0.0616367 0.331843 0.401615 0.204906 
0.0486474 0.392866 0.369809 0.188678 
0.0377254 0.456993 0.334579 0.170703 
0.0287386 0.522194 0.297356 0.151712 
0.0215118 0.586321 0.259678 0.132489 
0.0465405 0.317124 0.421357 0.214978 
0.0463055 0.773704 0.0432248 0.136766 
0.123572 0.516182 0.0865131 0.273733 
0.0839182 0.701081 0.0342716 0.180729 
0.199597 0.416875 0.0611354 0.322394 
0.10255 0.141007 0.654293 0.10215 
0.0818211 0.14063 0.696047 0.0815015 
0.0645698 0.138724 0.732389 0.0643175 
0.0504921 0.135599 0.763614 0.0502948 
0.0391886 0.131553 0.790222 0.0390355 
0.0302312 0.126855 0.812801 0.0301131 
0.253382 0.293962 0.169746 0.28291 
0.313019 0.267585 0.088294 0.331102 
0.363536 0.228988 0.0431762 0.364299 
0.405927 0.188403 0.0202993 0.38537 
0.347724 0.107593 0.0596184 0.485065 
0.0214957 0.301798 0.54177 0.134937 
0.024841 0.232511 0.521738 0.22091 
0.00880359 0.226603 0.647158 0.117435 
0.0101712 0.174538 0.62308 0.192211 
0.011079 0.126744 0.565575 0.296602 
0.0199986 0.128691 0.382842 0.468469 
0.0194968 0.150554 0.373235 0.456714 
0.0270691 0.15402 0.218188 0.600723 
0.00567382 0.1937 0.548798 0.251829 
0.00597939 0.136088 0.481962 0.375971 
0.00227263 0.142241 0.64114 0.214347 
0.00243051 0.101415 0.571401 0.324754 
0.000877963 0.100743 0.722415 0.175964 
0.424636 0.142674 0.00737561 0.425315 
0.191293 0.385637 0.0398715 0.383198 
0.0972937 0.539382 0.0709766 0.292348 
0.0888056 0.656433 0.0323922 0.222369 
0.0647896 0.718368 0.027571 0.189272 
0.0464334 0.772259 0.0230528 0.158255 
0.123664 0.514182 0.0460469 0.316106 
0.112865 0.625705 0.0210128 0.240417 
0.0832076 0.691935 0.0180732 0.206784 
0.0249619 0.358377 0.506016 0.110645 
0.0294359 0.563479 0.298355 0.10873 
0.021811 0.626279 0.257917 0.0939929 
0.0493113 0.35398 0.437332 0.159377 
0.0414084 0.148624 0.642674 0.167293 
0.108597 0.488688 0.244344 0.158371 
0.0828062 0.558942 0.217366 0.140886 
0.0618335 0.626065 0.189365 0.122737 
0.0452977 0.687958 0.161845 0.104899 
0.0326249 0.743237 0.135994 0.0881442 
0.0231551 0.791253 0.112606 0.0729856 
0.0162314 0.831988 0.0920916 0.059689 
0.0480129 0.615259 0.204307 0.132421 
0.0546405 0.350094 0.40689 0.188375 
0.0539179 0.750638 0.0892243 0.106219 
0.138906 0.483459 0.172398 0.205236 
0.133468 0.619374 0.0828243 0.164334 
0.0988006 0.687745 0.0715299 0.141924 
0.0116272 0.81948 0.149652 0.0192409 
0.0338821 0.596999 0.327068 0.0420515 
0.0353929 0.311809 0.59789 0.0549082 
0.0431993 0.253722 0.608135 0.0949436 
0.0564931 0.442401 0.397639 0.103467 
0.0432991 0.508616 0.355565 0.0925195 
0.0325805 0.574064 0.312137 0.0812192 
0.134102 0.0518596 0.539026 0.275013 
0.112441 0.0543538 0.602613 0.230592 
0.0925852 0.0559444 0.661598 0.189872 
0.074997 0.056646 0.714555 0.153802 
0.0598852 0.0565398 0.760764 0.122811 
0.0472384 0.0557494 0.800137 0.0968756 
0.0368863 0.0544152 0.833053 0.0756457 
0.0285655 0.0526753 0.860178 0.0585816 
0.0519223 0.0598411 0.781755 0.106481 
0.0580704 0.0446179 0.728601 0.16871 
0.221709 0.406467 0.169746 0.202079 
0.282747 0.381956 0.0911487 0.244148 
0.33908 0.337514 0.0460247 0.277381 
0.389776 0.285877 0.0222762 0.302071 
0.130951 0.57627 0.0898083 0.202971 
0.117618 0.690129 0.0403322 0.151921 
0.0854098 0.751716 0.0341689 0.128705 
0.215957 0.475175 0.0647965 0.244072 
0.198981 0.583763 0.0298515 0.187405 
0.225283 0.528742 0.0337974 0.212177 
0.200433 0.627223 0.0150346 0.15731 
0.183101 0.492161 0.0190819 0.305656 
0.217111 0.430006 0.0095269 0.343356 
0.251504 0.367038 0.00464675 0.376812 
0.285511 0.307018 0.00222108 0.40525 
0.318441 0.252316 0.00104305 0.4282 
0.117886 0.560441 0.00463365 0.317039 
0.104172 0.660319 0.00204728 0.233462 
0.0760703 0.723288 0.00174418 0.198897 
0.432415 0.217608 0.000227188 0.34975 
0.177199 0.535038 0.00111719 0.286647 
0.156811 0.631306 0.000494326 0.211389 
0.190662 0.56559 0.000253068 0.243494 
0.227467 0.497198 0.000127124 0.275208 
0.0889974 0.149379 0.672974 0.0886497 
0.0749434 0.188685 0.708377 0.027994 
0.0615769 0.232548 0.67904 0.0268347 
0.047939 0.226305 0.704865 0.0208914 
0.037118 0.219028 0.727678 0.0161757 
0.0669969 0.247087 0.656719 0.0291966 
0.0527752 0.291956 0.646645 0.00862462 
0.0409575 0.283224 0.669125 0.00669334 
0.0732393 0.316534 0.598258 0.0119689 
0.0563227 0.365133 0.575092 0.00345163 
0.0438999 0.355747 0.597663 0.00269032 
0.058759 0.272679 0.612328 0.0562342 
0.0461841 0.267904 0.641713 0.0441996 
0.0360565 0.261445 0.667991 0.0345072 
0.0279936 0.253727 0.691489 0.0267908 
0.0216346 0.245113 0.712548 0.020705 
0.0166575 0.235904 0.731497 0.0159417 
0.0127858 0.226342 0.748636 0.0122364 
0.00978908 0.216615 0.764228 0.00936845 
0.00747888 0.206868 0.778496 0.00715752 
0.014027 0.242495 0.730054 0.0134243 
0.0108286 0.280801 0.704484 0.00388623 
0.00829758 0.268961 0.719763 0.00297789 
0.0666218 0.141702 0.5207 0.270977 
0.0551053 0.146508 0.574253 0.224134 
0.0448724 0.149127 0.623487 0.182513 
0.0360389 0.149713 0.667664 0.146584 
0.0286027 0.148527 0.706533 0.116338 
0.022475 0.145884 0.740226 0.0914145 
0.0175146 0.142108 0.769138 0.0712387 
0.0135572 0.137499 0.793802 0.0551423 
0.0427104 0.031901 0.441553 0.483835 
0.0657495 0.0276239 0.254902 0.651725 
0.0143128 0.0360801 0.665864 0.283743 
0.0143815 0.0241689 0.557551 0.403899 
0.00545141 0.0251939 0.739703 0.229651 
0.00565496 0.017423 0.639435 0.337487 
0.0102716 0.0178014 0.435547 0.53638 
0.0103083 0.014292 0.437103 0.538296 
0.00431865 0.016466 0.640936 0.338279 
0.00154221 0.0161702 0.801086 0.181202 
0.00164661 0.0115099 0.712763 0.27408 
0.00166061 0.00773853 0.599019 0.391582 
0.0967501 0.082707 0.292398 0.528145 
0.123855 0.0780153 0.157607 0.640523 
0.00478687 0.0912099 0.746187 0.157816 
0.00525458 0.0667479 0.682579 0.245418 
0.0102327 0.073116 0.498468 0.418184 
