0.25 0.25 0.25 0.25 
0.25 0.25 0.25 0.25 
0.452055 0.0913242 0.182648 0.273973 
0.00552486 0.441989 0.331492 0.220994 
0.439024 0.268293 0.097561 0.195122 
0.0512821 0.230769 0.410256 0.307692 
0.296296 0.259259 0.259259 0.185185 
0.153846 0.230769 0.230769 0.384615 
0.284218 0.130142 0.216904 0.368736 
0.203459 0.413021 0.295015 0.0885046 
0.452055 0.0913242 0.182648 0.273973 
0.636387 0.0259723 0.103889 0.233751 
0.0152331 0.246192 0.369288 0.369288 
0.674489 0.0832702 0.0605602 0.181681 
0.113924 0.103567 0.368239 0.414269 
0.52381 0.0925926 0.185185 0.198413 
0.292035 0.0884956 0.176991 0.442478 
0.457219 0.0422946 0.140982 0.359504 
0.442557 0.181493 0.259276 0.116674 
0.636387 0.0259723 0.103889 0.233751 
0.77112 0.00635779 0.0508623 0.17166 
0.0347799 0.113555 0.340666 0.510999 
0.816682 0.0203687 0.0296272 0.133322 
0.213061 0.0391296 0.278255 0.469555 
0.710166 0.0253605 0.101442 0.163032 
0.449567 0.0275217 0.110087 0.412825 
0.617357 0.011537 0.0769132 0.294193 
0.675978 0.0560038 0.160011 0.108007 
0.77112 0.00635779 0.0508623 0.17166 
0.859674 0.0014319 0.0229104 0.115984 
0.0688629 0.0454213 0.272528 0.613188 
0.893947 0.00450419 0.0131031 0.0884458 
0.344775 0.0127918 0.181928 0.460505 
0.830523 0.00599162 0.0479329 0.115553 
0.59958 0.00741519 0.0593215 0.333684 
0.744645 0.00281125 0.0374833 0.215061 
0.826984 0.0138413 0.0790931 0.0800818 
0.744645 0.00281125 0.0374833 0.215061 
0.836025 0.000637623 0.0170033 0.146335 
0.0629935 0.0190255 0.190255 0.727726 
0.875769 0.00202051 0.0097964 0.112414 
0.317204 0.00538892 0.127737 0.54967 
0.814429 0.00269037 0.0358716 0.147009 
0.554572 0.0031405 0.0418734 0.400414 
0.706795 0.00122183 0.0271517 0.264831 
0.828992 0.00635325 0.0605072 0.104148 
0.706795 0.00122183 0.0271517 0.264831 
0.804533 0.000280967 0.0124874 0.182699 
0.0542566 0.00750342 0.125057 0.813183 
0.850251 0.000898222 0.00725836 0.141592 
0.280642 0.00218314 0.0862475 0.630927 
0.78783 0.00119167 0.0264816 0.184496 
0.500764 0.0012985 0.0288555 0.469082 
0.659533 0.000522058 0.0193355 0.320609 
0.818195 0.00287123 0.0455751 0.133359 
0.617357 0.011537 0.0769132 0.294193 
0.744645 0.00281125 0.0374833 0.215061 
0.0344453 0.0514963 0.257481 0.656577 
0.799425 0.00912963 0.0221324 0.169313 
0.20243 0.0170232 0.201757 0.57879 
0.702643 0.0114894 0.0765961 0.209272 
0.415585 0.0116495 0.0776632 0.495103 
0.580761 0.00496957 0.0552175 0.359052 
0.701323 0.0266054 0.126692 0.145379 
0.836025 0.000637623 0.0170033 0.146335 
0.8973 0.000138254 0.00737355 0.0951879 
0.107727 0.00657292 0.131458 0.754242 
0.923549 0.000430453 0.00417409 0.0718464 
0.451191 0.00154853 0.0734116 0.473849 
0.886634 0.000591695 0.0157785 0.0969957 
0.680623 0.000778651 0.020764 0.297834 
0.804533 0.000280967 0.0124874 0.182699 
0.903196 0.00139837 0.0266357 0.0687699 
0.804533 0.000280967 0.0124874 0.182699 
0.874149 6.16725e-05 0.005482 0.120308 
0.0905577 0.00253004 0.0843345 0.822578 
0.905313 0.00019321 0.00312259 0.0913709 
0.401887 0.000631579 0.0499025 0.547579 
0.86519 0.000264381 0.0117503 0.122796 
0.628329 0.000329147 0.0146287 0.356713 
0.765333 0.000122385 0.00906554 0.225479 
0.891268 0.000631851 0.0200588 0.0880417 
0.765333 0.000122385 0.00906554 0.225479 
0.845042 2.72992e-05 0.00404433 0.150886 
0.0740296 0.000947049 0.0526138 0.87241 
0.882091 8.62006e-05 0.0023219 0.115501 
0.349263 0.000251329 0.0330968 0.617389 
0.837073 0.000117125 0.0086759 0.154134 
0.569948 0.000136711 0.0101267 0.419788 
0.718733 5.26272e-05 0.00649719 0.274717 
0.872861 0.000283346 0.0149919 0.111864 
0.718733 5.26272e-05 0.00649719 0.274717 
0.809508 1.19745e-05 0.00295668 0.187524 
0.0593922 0.000347906 0.0322135 0.908046 
0.853292 3.81822e-05 0.00171413 0.144955 
0.297089 9.78908e-05 0.021485 0.681328 
0.802012 5.13845e-05 0.00634376 0.191593 
0.507812 5.57747e-05 0.00688577 0.485246 
0.665416 2.23101e-05 0.00459056 0.329971 
0.8478 0.000126018 0.0111127 0.140962 
0.809508 1.19745e-05 0.00295668 0.187524 
0.875754 2.61707e-06 0.00129238 0.122951 
0.0953618 0.00011285 0.0208982 0.883627 
0.90598 8.18986e-06 0.000735341 0.0932762 
0.413361 2.75156e-05 0.0120782 0.574533 
0.871087 1.12748e-05 0.00278389 0.126118 
0.631063 1.40024e-05 0.00345737 0.365466 
0.767265 5.19695e-06 0.00213866 0.230592 
0.904082 2.71482e-05 0.00478804 0.0911027 
0.767265 5.19695e-06 0.00213866 0.230592 
0.845115 1.15642e-06 0.000951783 0.153932 
0.0758192 4.1084e-05 0.0126802 0.911459 
0.881682 3.64952e-06 0.000546131 0.117768 
0.353913 1.07873e-05 0.00789194 0.638184 
0.840138 4.97923e-06 0.00204907 0.157808 
0.569627 5.78743e-06 0.00238166 0.427985 
0.718371 2.22802e-06 0.00152813 0.280098 
0.881221 1.21167e-05 0.00356164 0.115205 
0.718371 2.22802e-06 0.00152813 0.280098 
0.808298 5.06449e-07 0.000694717 0.191007 
0.0597936 1.48359e-05 0.00763165 0.93256 
0.851958 1.61476e-06 0.000402733 0.147638 
0.297931 4.15813e-06 0.00507012 0.696994 
0.802854 2.17878e-06 0.00149437 0.195649 
0.50557 2.35203e-06 0.00161319 0.492814 
0.663359 9.42072e-07 0.0010769 0.335563 
0.852733 5.36881e-06 0.00263022 0.144632 
0.808298 5.06449e-07 0.000694717 0.191007 
0.874459 1.10688e-07 0.000303669 0.125237 
0.0952025 4.77202e-06 0.00490949 0.899883 
0.9048 3.46447e-07 0.000172813 0.0950272 
0.412418 1.16283e-06 0.00283573 0.584745 
0.870743 4.77378e-07 0.000654839 0.128602 
0.628117 5.90332e-07 0.000809783 0.371072 
0.764974 2.19471e-07 0.000501762 0.234524 
0.905763 1.15206e-06 0.00112881 0.0931068 
0.764974 2.19471e-07 0.000501762 0.234524 
0.84312 4.88669e-08 0.000223443 0.156656 
0.0751738 1.72539e-06 0.00295848 0.921866 
0.87997 1.54283e-07 0.000128265 0.119902 
0.351529 4.53841e-07 0.0018446 0.646626 
0.838796 2.10569e-07 0.000481411 0.160723 
0.565793 2.43489e-07 0.000556673 0.43365 
0.715182 9.39534e-08 0.000358 0.28446 
0.881591 5.13444e-07 0.000838467 0.11757 
0.715182 9.39534e-08 0.000358 0.28446 
0.805633 2.1381e-08 0.00016294 0.194204 
0.0590324 6.20407e-07 0.001773 0.939194 
0.849699 6.82153e-08 9.4519e-05 0.150206 
0.294944 1.7436e-07 0.00118112 0.703875 
0.800622 9.20305e-08 0.000350673 0.199027 
0.501224 9.87688e-08 0.000376348 0.498399 
0.659455 3.96686e-08 0.000251922 0.340293 
0.851974 2.27205e-07 0.000618386 0.147408 
0.805633 2.1381e-08 0.00016294 0.194204 
0.872465 4.67772e-09 7.12958e-05 0.127463 
0.0938575 1.99274e-07 0.00113897 0.905003 
0.903194 1.46485e-08 4.05938e-05 0.0967653 
0.408503 4.87864e-08 0.000660961 0.590836 
0.868932 2.01783e-08 0.000153775 0.130914 
0.623851 2.48349e-08 0.000189262 0.37596 
0.761675 9.25607e-09 0.000117564 0.238207 
0.904852 4.87488e-08 0.00026536 0.0948828 
0.761675 9.25607e-09 0.000117564 0.238207 
0.840617 2.06372e-09 5.24238e-05 0.159331 
0.0739705 7.19127e-08 0.000685039 0.925344 
0.87794 6.51991e-09 3.01133e-05 0.12203 
0.347502 1.90032e-08 0.000429095 0.652069 
0.836401 8.89364e-09 0.000112961 0.163486 
0.561141 1.02287e-08 0.000129918 0.438729 
0.711309 3.95805e-09 8.37874e-05 0.288607 
0.880076 2.17106e-08 0.000196967 0.119727 
0.711309 3.95805e-09 8.37874e-05 0.288607 
0.8026 9.02229e-10 3.81983e-05 0.197362 
0.0580158 2.58261e-08 0.000410032 0.941574 
0.847203 2.88091e-09 2.21766e-05 0.152775 
0.291088 7.28887e-09 0.000274306 0.708638 
0.797645 3.88365e-09 8.22125e-05 0.202273 
0.496394 4.14325e-09 8.77078e-05 0.503518 
0.6551 1.66915e-09 5.88901e-05 0.344841 
0.849858 9.59985e-09 0.000145156 0.149997 
0.826984 0.0138413 0.0790931 0.0800818 
0.86531 0.00144828 0.066207 0.0670346 
0.791908 0.0251831 0.0908862 0.0920223 
0.911589 0.011443 0.0217962 0.0551717 
0.778797 0.0152073 0.111727 0.0942694 
0.895894 0.0179936 0.0514103 0.0347019 
0.767917 0.0102822 0.102822 0.118979 
0.87858 0.00294097 0.0504167 0.0680625 
0.781112 0.0235324 0.104588 0.0907677 
0.791908 0.0251831 0.0908862 0.0920223 
0.841781 0.0026769 0.077288 0.0782541 
0.747615 0.0451716 0.102963 0.10425 
0.888755 0.0211971 0.0255003 0.0645476 
0.738276 0.0273904 0.127096 0.107238 
0.866924 0.0330823 0.0596974 0.0402958 
0.728841 0.018542 0.117107 0.13551 
0.85603 0.00544443 0.0589472 0.0795787 
0.736724 0.0421707 0.118374 0.102732 
0.747615 0.0451716 0.102963 0.10425 
0.814481 0.00492117 0.0897378 0.0908596 
0.690894 0.0793145 0.114182 0.115609 
0.856972 0.0388343 0.0295061 0.0746872 
0.689 0.0485683 0.142336 0.120096 
0.825821 0.0598762 0.0682404 0.0460623 
0.68294 0.0330111 0.131678 0.152371 
0.829 0.0100178 0.0685031 0.0924792 
0.680781 0.0740401 0.131262 0.113917 
0.690894 0.0793145 0.114182 0.115609 
0.782742 0.00898586 0.103489 0.104783 
0.618338 0.134872 0.122629 0.124162 
0.811689 0.0698862 0.0335363 0.0848888 
0.628536 0.0841817 0.155814 0.131468 
0.766958 0.105656 0.0760516 0.0513348 
0.628557 0.0577265 0.145431 0.168285 
0.796187 0.0182804 0.07895 0.106582 
0.610198 0.126091 0.141184 0.122527 
0.618338 0.134872 0.122629 0.124162 
0.745652 0.0162641 0.118302 0.119781 
0.528159 0.218883 0.125693 0.127265 
0.747011 0.122203 0.0370368 0.0937494 
0.554646 0.141142 0.164996 0.139216 
0.684437 0.179147 0.0814426 0.0549737 
0.563881 0.0983948 0.156561 0.181163 
0.755712 0.0329671 0.0899238 0.121397 
0.523225 0.205426 0.145273 0.126076 
0.528159 0.218883 0.125693 0.127265 
0.701953 0.0290908 0.133643 0.135313 
0.423344 0.333346 0.120899 0.12241 
0.657499 0.204364 0.0391186 0.0990189 
0.466925 0.225757 0.166681 0.140637 
0.575876 0.28639 0.0822296 0.055505 
0.487745 0.161708 0.162506 0.188042 
0.704998 0.0584341 0.100667 0.135901 
0.422244 0.314981 0.140682 0.122092 
0.423344 0.333346 0.120899 0.12241 
0.649973 0.0511796 0.148496 0.150352 
0.313897 0.469615 0.107572 0.108916 
0.54269 0.32049 0.0387455 0.0980745 
0.369214 0.339177 0.158161 0.133448 
0.448048 0.423358 0.0767725 0.0518214 
0.401222 0.252742 0.160414 0.185622 
0.640963 0.10094 0.109828 0.148268 
0.316042 0.447939 0.126358 0.109661 
0.313897 0.469615 0.107572 0.108916 
0.587768 0.0879349 0.161141 0.163156 
0.214125 0.608662 0.0880561 0.0891568 
0.412439 0.462782 0.0353355 0.0894429 
0.270768 0.472606 0.139187 0.117439 
0.318501 0.571804 0.0654896 0.0442055 
0.309424 0.370339 0.148454 0.171783 
0.561035 0.167871 0.115359 0.155735 
0.217908 0.586814 0.104547 0.0907318 
0.587768 0.0879349 0.161141 0.163156 
0.763809 0.0230853 0.0846077 0.128498 
0.0246783 0.295365 0.405944 0.274012 
0.78387 0.071667 0.0477564 0.0967068 
0.180766 0.121698 0.396468 0.301068 
0.647549 0.0847687 0.155339 0.112344 
0.429256 0.0963303 0.176526 0.297887 
0.610553 0.0418258 0.127743 0.219878 
0.548853 0.166689 0.218185 0.0662736 
0.763809 0.0230853 0.0846077 0.128498 
0.867437 0.00529642 0.0388229 0.0884435 
0.0595469 0.143979 0.395764 0.400711 
0.894569 0.0165228 0.0220205 0.0668872 
0.329862 0.0448636 0.292312 0.332962 
0.81399 0.0215267 0.0788956 0.0855876 
0.612717 0.027778 0.101807 0.257698 
0.759512 0.0105112 0.0642058 0.165771 
0.772109 0.0473723 0.124014 0.056504 
0.859674 0.0014319 0.0229104 0.115984 
0.915021 0.000307897 0.00985269 0.0748189 
0.123018 0.0163922 0.196706 0.663884 
0.937292 0.000954057 0.00555088 0.0562027 
0.492564 0.00369194 0.105015 0.398729 
0.901633 0.00131407 0.021025 0.0760281 
0.724762 0.00181078 0.0289725 0.244455 
0.836025 0.000637623 0.0170033 0.146335 
0.908503 0.00307186 0.0351069 0.0533186 
0.665416 2.23101e-05 0.00459056 0.329971 
0.767265 5.19695e-06 0.00213866 0.230592 
0.0470542 0.000126211 0.019477 0.933343 
0.818366 1.67678e-05 0.00125461 0.180363 
0.248098 3.74322e-05 0.0136926 0.738172 
0.759881 2.22927e-05 0.00458698 0.235509 
0.444422 2.23509e-05 0.00459896 0.550957 
0.606565 9.3122e-06 0.00319348 0.390232 
0.815806 5.55253e-05 0.00816069 0.175978 
0.606565 9.3122e-06 0.00319348 0.390232 
0.718371 2.22802e-06 0.00152813 0.280098 
0.0369672 4.54026e-05 0.0116776 0.95131 
0.776933 7.28918e-06 0.000908989 0.22215 
0.203987 1.40926e-05 0.00859171 0.787407 
0.710877 9.54943e-06 0.00327484 0.285838 
0.382221 8.80198e-06 0.00301851 0.614752 
0.543867 3.82326e-06 0.00218522 0.453944 
0.776686 2.42056e-05 0.00592926 0.21736 
0.663359 9.42072e-07 0.0010769 0.335563 
0.764974 2.19471e-07 0.000501762 0.234524 
0.0468786 5.32599e-06 0.00456618 0.94855 
0.816203 7.0836e-07 0.00029445 0.183502 
0.247028 1.57868e-06 0.00320821 0.749762 
0.758967 9.43119e-07 0.0010781 0.239954 
0.441097 9.39639e-07 0.00107412 0.557828 
0.603311 3.92322e-07 0.000747451 0.395941 
0.818061 2.35839e-06 0.00192566 0.180011 
0.603311 3.92322e-07 0.000747451 0.395941 
0.715182 9.39534e-08 0.000358 0.28446 
0.0365957 1.9038e-06 0.00272034 0.960682 
0.77402 3.07591e-07 0.000213099 0.225766 
0.202118 5.91453e-07 0.00200326 0.795878 
0.708587 4.03183e-07 0.000768144 0.290645 
0.378421 3.6912e-07 0.000703247 0.620875 
0.539845 1.60745e-07 0.000510417 0.459644 
0.776832 1.02547e-06 0.00139552 0.221771 
0.874149 6.16725e-05 0.005482 0.120308 
0.920845 1.31246e-05 0.00233327 0.0768086 
0.1452 0.000819526 0.0546351 0.799345 
0.941084 4.05746e-05 0.0013115 0.0575643 
0.532976 0.00016921 0.0267394 0.440115 
0.916114 5.6554e-05 0.00502703 0.078802 
0.73878 7.8183e-05 0.0069496 0.254192 
0.845042 2.72992e-05 0.00404433 0.150886 
0.935362 0.000133962 0.00850551 0.0559984 
0.845042 2.72992e-05 0.00404433 0.150886 
0.900775 5.87872e-06 0.00174184 0.0974773 
0.118597 0.000306503 0.0340559 0.847041 
0.925548 1.82722e-05 0.000984361 0.0734493 
0.473987 6.89051e-05 0.0181478 0.507796 
0.896208 2.53331e-05 0.00375305 0.100014 
0.687941 3.3336e-05 0.00493867 0.307087 
0.809508 1.19745e-05 0.00295668 0.187524 
0.921934 6.04599e-05 0.00639787 0.0716077 
0.845115 1.15642e-06 0.000951783 0.153932 
0.900215 2.48851e-07 0.000409631 0.0993749 
0.119711 1.31046e-05 0.00808925 0.872186 
0.924895 7.73412e-07 0.000231474 0.0748728 
0.475765 2.92957e-06 0.00428652 0.519946 
0.897001 1.07399e-06 0.00088394 0.102114 
0.686318 1.40869e-06 0.00115941 0.312521 
0.808298 5.06449e-07 0.000694717 0.191007 
0.925182 2.56993e-06 0.00151083 0.0733044 
0.874459 1.10688e-07 0.000303669 0.125237 
0.920015 2.35261e-08 0.000129087 0.0798555 
0.148159 1.50029e-06 0.00308702 0.848753 
0.940089 7.27191e-08 7.25468e-05 0.0598385 
0.537034 3.05896e-07 0.00149195 0.461474 
0.917587 1.01628e-07 0.000278816 0.0821337 
0.736072 1.39756e-07 0.000383419 0.263545 
0.84312 4.88669e-08 0.000223443 0.156656 
0.940908 2.4177e-07 0.00047378 0.0586179 
0.84312 4.88669e-08 0.000223443 0.156656 
0.898702 1.05229e-08 9.62314e-05 0.101202 
0.11837 5.48852e-07 0.00188221 0.879748 
0.923669 3.27161e-08 5.43977e-05 0.0762766 
0.472378 1.23205e-07 0.00100151 0.526621 
0.895768 4.54285e-08 0.000207721 0.104024 
0.682636 5.93479e-08 0.000271367 0.317093 
0.805633 2.1381e-08 0.00016294 0.194204 
0.92489 1.08821e-07 0.000355414 0.0747543 
0.840617 2.06372e-09 5.24238e-05 0.159331 
0.896943 4.44848e-10 2.26006e-05 0.103034 
0.116478 2.28762e-08 0.000435837 0.883087 
0.922293 1.3837e-09 1.27817e-05 0.077694 
0.467784 5.16785e-09 0.000233381 0.531983 
0.894041 1.92051e-09 4.87861e-05 0.10591 
0.678452 2.4984e-09 6.3466e-05 0.321484 
0.8026 9.02229e-10 3.81983e-05 0.197362 
0.923753 4.60366e-09 8.35322e-05 0.0761633 
0.8026 9.02229e-10 3.81983e-05 0.197362 
0.870283 1.97639e-10 1.67352e-05 0.1297 
0.0922595 8.29696e-09 0.000263456 0.907477 
0.901469 6.19282e-10 9.53418e-06 0.0985218 
0.40391 2.04322e-09 0.000153787 0.595936 
0.866753 8.52552e-10 3.60951e-05 0.133211 
0.61926 1.0442e-09 4.42089e-05 0.380695 
0.758113 3.90227e-10 2.75356e-05 0.241859 
0.903312 2.06135e-09 6.23377e-05 0.0966254 
0.758113 3.90227e-10 2.75356e-05 0.241859 
0.837967 0 1.22973e-05 0.162021 
0.0726571 2.99193e-09 0.000158339 0.927185 
0.875812 2.75495e-10 7.069e-06 0.124181 
0.343117 7.94765e-10 9.96994e-05 0.656783 
0.833734 3.75508e-10 2.64969e-05 0.16624 
0.55629 4.29513e-10 3.03077e-05 0.44368 
0.707252 1.66695e-10 1.96042e-05 0.292729 
0.878095 9.1753e-10 4.62454e-05 0.121859 
0.707252 1.66695e-10 1.96042e-05 0.292729 
0.799452 0 8.95347e-06 0.200539 
0.0569557 1.07393e-09 9.47246e-05 0.94295 
0.844623 0 5.20265e-06 0.155372 
0.287059 0 6.36555e-05 0.712877 
0.794465 1.63845e-10 1.92689e-05 0.205516 
0.491453 0 2.04337e-05 0.508527 
0.650619 0 1.37631e-05 0.349367 
0.847397 4.05445e-10 3.40588e-05 0.152569 
0.891268 0.000631851 0.0200588 0.0880417 
0.911493 6.46189e-05 0.0164112 0.0720316 
0.871921 0.00117446 0.023548 0.103357 
0.93642 0.000497896 0.00526874 0.0578137 
0.86351 0.000714202 0.0291511 0.106625 
0.948886 0.000807239 0.0128133 0.0374933 
0.840246 0.000476544 0.0264747 0.132803 
0.915188 0.000129762 0.0123583 0.0723237 
0.868566 0.00110836 0.027367 0.102959 
0.871921 0.00117446 0.023548 0.103357 
0.895599 0.000120635 0.01935 0.0849307 
0.849463 0.00217399 0.0275298 0.120833 
0.924344 0.000933802 0.00624095 0.0684817 
0.840155 0.00132028 0.0340352 0.124489 
0.938759 0.00151738 0.0152119 0.0445118 
0.813968 0.000877117 0.030776 0.154379 
0.899843 0.000242414 0.0145813 0.0853332 
0.845679 0.0020504 0.031975 0.120295 
0.849463 0.00217399 0.0275298 0.120833 
0.877208 0.0002245 0.0227432 0.0998241 
0.823419 0.00400395 0.0320229 0.140554 
0.90998 0.00174665 0.00737276 0.0809011 
0.8134 0.00242865 0.0395416 0.14463 
0.926428 0.00284516 0.0180145 0.0527126 
0.784305 0.00160579 0.0355854 0.178504 
0.882025 0.000451466 0.0171511 0.100372 
0.819219 0.00377386 0.0371695 0.139838 
0.823419 0.00400395 0.0320229 0.140554 
0.856051 0.000416262 0.0266336 0.1169 
0.793183 0.00732815 0.0370164 0.162472 
0.892814 0.00325604 0.00868042 0.0952499 
0.782853 0.00444114 0.0456679 0.167038 
0.911205 0.00531698 0.0212622 0.0622157 
0.751061 0.00292168 0.0408924 0.205125 
0.861428 0.000837753 0.0201006 0.117634 
0.788622 0.00690254 0.0429375 0.161538 
0.793183 0.00732815 0.0370164 0.162472 
0.831859 0.000768547 0.0310571 0.136315 
0.757944 0.0133049 0.0424463 0.186305 
0.87213 0.00604315 0.0101752 0.111652 
0.748041 0.00806293 0.0523646 0.191532 
0.892043 0.00988981 0.024978 0.0730888 
0.714049 0.00527763 0.0466528 0.23402 
0.837719 0.00154792 0.0234569 0.137276 
0.753144 0.0125248 0.049207 0.185125 
0.757944 0.0133049 0.0424463 0.186305 
0.804377 0.001412 0.0360372 0.158174 
0.71658 0.0238997 0.0481557 0.211365 
0.846889 0.0111497 0.0118568 0.130105 
0.708348 0.0145067 0.0595032 0.217642 
0.867313 0.0182697 0.0291427 0.0852751 
0.67307 0.00945202 0.0527704 0.264708 
0.810534 0.00284561 0.0272348 0.159385 
0.711763 0.0224896 0.055804 0.209944 
0.71658 0.0238997 0.0481557 0.211365 
0.773355 0.00257933 0.0415769 0.182489 
0.667571 0.0423038 0.0538347 0.236291 
0.81555 0.0204005 0.0137017 0.150348 
0.662946 0.025796 0.0668272 0.244431 
0.834495 0.033399 0.0336479 0.0984581 
0.627862 0.0167526 0.0590712 0.296314 
0.779446 0.00519929 0.0314283 0.183926 
0.663098 0.0398087 0.0623863 0.234707 
0.667571 0.0423038 0.0538347 0.236291 
0.738544 0.00468013 0.0476465 0.209129 
0.609043 0.0733303 0.0589378 0.258689 
0.775849 0.036874 0.0156416 0.171635 
0.610747 0.0451533 0.0738783 0.270222 
0.789882 0.0600655 0.0382189 0.111833 
0.57806 0.0293052 0.0652628 0.327372 
0.743924 0.00942845 0.0359952 0.210653 
0.605432 0.0690589 0.0683531 0.257155 
0.609043 0.0733303 0.0589378 0.258689 
0.699665 0.00842414 0.054166 0.237745 
0.539204 0.123351 0.0626153 0.27483 
0.724658 0.065438 0.0175315 0.192373 
0.550491 0.0773272 0.0799075 0.292274 
0.728627 0.105274 0.0423061 0.123793 
0.523178 0.0503935 0.0708799 0.355549 
0.703264 0.0169349 0.0408334 0.238967 
0.537086 0.1164 0.0727642 0.273751 
0.881221 1.21167e-05 0.00356164 0.115205 
0.902672 1.24116e-06 0.00291867 0.0944076 
0.860766 2.24873e-05 0.00417476 0.135037 
0.923592 9.52446e-06 0.000933222 0.0754653 
0.85507 1.37166e-05 0.00518391 0.139733 
0.948106 1.56436e-05 0.00229918 0.0495797 
0.823152 9.05459e-06 0.00465771 0.172182 
0.90333 2.48414e-06 0.0021906 0.0944765 
0.860168 2.1289e-05 0.00486717 0.134943 
0.860766 2.24873e-05 0.00417476 0.135037 
0.885436 2.31318e-06 0.00343553 0.111126 
0.837433 4.15677e-05 0.00487391 0.157652 
0.909684 1.7824e-05 0.001103 0.0891947 
0.830975 2.53272e-05 0.0060454 0.162954 
0.938356 2.94172e-05 0.00273064 0.0588838 
0.795027 1.66159e-05 0.00539829 0.199558 
0.886195 4.63033e-06 0.00257885 0.111221 
0.836755 3.93481e-05 0.00568162 0.157524 
0.837433 4.15677e-05 0.00487391 0.157652 
0.865601 4.29659e-06 0.00403028 0.130364 
0.811039 7.64895e-05 0.00566435 0.18322 
0.893533 3.32643e-05 0.0013001 0.105133 
0.803789 4.65473e-05 0.00701714 0.189148 
0.926909 5.52109e-05 0.0032368 0.0697986 
0.76371 3.03267e-05 0.00622277 0.230037 
0.866471 8.60182e-06 0.00302575 0.130495 
0.810278 7.23957e-05 0.00660221 0.183048 
0.811039 7.64895e-05 0.00566435 0.18322 
0.842941 7.94982e-06 0.00470973 0.152341 
0.781464 0.000140031 0.00654936 0.211846 
0.874884 6.1883e-05 0.00152756 0.123527 
0.773413 8.50978e-05 0.00810235 0.2184 
0.91352 0.000103385 0.00382805 0.0825484 
0.729232 5.50194e-05 0.00713021 0.263583 
0.843928 1.59182e-05 0.00353643 0.15252 
0.780618 0.000132517 0.00763265 0.211617 
0.781464 0.000140031 0.00654936 0.211846 
0.817265 1.46446e-05 0.00547952 0.177241 
0.748669 0.000254892 0.00752941 0.243547 
0.85349 0.000114703 0.00178825 0.144607 
0.739841 0.000154667 0.00930078 0.250704 
0.897925 0.000193079 0.00451524 0.097367 
0.691745 9.9163e-05 0.00811641 0.300039 
0.818374 2.93289e-05 0.00411522 0.177482 
0.74774 0.000241178 0.00877342 0.243245 
0.748669 0.000254892 0.00752941 0.243547 
0.788441 2.68433e-05 0.00634352 0.205188 
0.712716 0.000461039 0.00860139 0.278222 
0.829128 0.000211714 0.00208465 0.168576 
0.703177 0.000279305 0.0106078 0.285936 
0.879844 0.000359463 0.00530918 0.114488 
0.651532 0.000177457 0.0091735 0.339117 
0.789672 5.37705e-05 0.00476507 0.205509 
0.711713 0.000436159 0.0100208 0.27783 
0.712716 0.000461039 0.00860139 0.278222 
0.756422 4.89311e-05 0.00730308 0.236226 
0.673785 0.000828125 0.00975787 0.315629 
0.801615 0.000388909 0.00241857 0.195578 
0.66365 0.000500849 0.0120139 0.323835 
0.858985 0.000666788 0.00621998 0.134128 
0.609012 0.000315164 0.0102898 0.380383 
0.757768 9.80363e-05 0.00548706 0.236647 
0.67272 0.000783299 0.0113662 0.31513 
0.900775 5.87872e-06 0.00174184 0.0974773 
0.937763 1.23639e-06 0.000732674 0.061503 
0.18365 9.58843e-05 0.0213076 0.794947 
0.953717 3.8037e-06 0.000409826 0.0458695 
0.600677 1.76409e-05 0.00929231 0.390013 
0.935163 5.34026e-06 0.0015823 0.0632491 
0.78527 7.68735e-06 0.00227773 0.212445 
0.875754 2.61707e-06 0.00129238 0.122951 
0.95248 1.26188e-05 0.00267065 0.0448365 
0.875754 2.61707e-06 0.00129238 0.122951 
0.921078 5.56063e-07 0.000549198 0.0783724 
0.149152 3.56575e-05 0.0132065 0.837606 
0.940975 1.71843e-06 0.000308584 0.0587146 
0.53932 7.25256e-06 0.00636713 0.454306 
0.918239 2.40102e-06 0.00118569 0.0805725 
0.738986 3.31253e-06 0.00163582 0.259374 
0.845115 1.15642e-06 0.000951783 0.153932 
0.940541 5.70566e-06 0.00201258 0.0574404 
0.659455 3.96686e-08 0.000251922 0.340293 
0.761675 9.25607e-09 0.000117564 0.238207 
0.0461599 2.22135e-07 0.00105803 0.952782 
0.813386 2.99005e-08 6.90502e-05 0.186545 
0.243951 6.60353e-08 0.000745543 0.755304 
0.755945 3.97887e-08 0.000252685 0.243803 
0.436561 3.93911e-08 0.00025016 0.563189 
0.598887 1.64958e-08 0.000174599 0.400938 
0.816311 9.96812e-08 0.000452172 0.183237 
0.598887 1.64958e-08 0.000174599 0.400938 
0.711309 3.95805e-09 8.37874e-05 0.288607 
0.0359759 7.92739e-08 0.000629301 0.963395 
0.770649 1.29719e-08 4.99275e-05 0.229301 
0.199236 2.4695e-08 0.00046468 0.800299 
0.704883 1.69884e-08 0.000179813 0.294937 
0.373955 1.54504e-08 0.000163533 0.625881 
0.53511 6.74896e-09 0.000119057 0.464771 
0.774208 4.32894e-08 0.000327281 0.225465 
0.565793 2.43489e-07 0.000556673 0.43365 
0.6196 2.66645e-08 0.000487691 0.379912 
0.520585 4.25664e-07 0.000614632 0.4788 
0.676007 2.1819e-07 0.000166278 0.323827 
0.510325 2.56222e-07 0.00075315 0.488921 
0.765012 3.95067e-07 0.000451609 0.234536 
0.448895 1.54546e-07 0.000618324 0.550486 
0.619676 5.33355e-08 0.000365812 0.379958 
0.520531 4.03219e-07 0.000716998 0.478751 
0.520585 4.25664e-07 0.000614632 0.4788 
0.575794 4.70806e-08 0.000543852 0.423662 
0.475037 7.37999e-07 0.000673027 0.52429 
0.634868 3.89332e-07 0.00018739 0.364944 
0.464805 4.43397e-07 0.000823163 0.534372 
0.730672 7.16933e-07 0.000517604 0.26881 
0.40433 2.64485e-07 0.000668325 0.595002 
0.575872 9.4174e-08 0.000407945 0.42372 
0.474983 6.99079e-07 0.00078511 0.524231 
0.475037 7.37999e-07 0.000673027 0.52429 
0.530763 8.24574e-08 0.000601584 0.468635 
0.4299 1.26897e-06 0.000730893 0.569368 
0.591661 6.89387e-07 0.000209565 0.408129 
0.419863 7.60997e-07 0.000892286 0.579244 
0.693325 1.29255e-06 0.000589377 0.306084 
0.361288 4.49027e-07 0.000716616 0.637995 
0.530843 1.6494e-07 0.000451256 0.468706 
0.429848 1.20203e-06 0.000852605 0.569298 
0.4299 1.26897e-06 0.000730893 0.569368 
0.485226 1.43228e-07 0.000659964 0.514114 
0.3859 2.16426e-06 0.000787303 0.613311 
0.546989 1.21094e-06 0.000232491 0.452777 
0.376212 1.29557e-06 0.000959423 0.622827 
0.653257 2.31392e-06 0.00066638 0.346074 
0.320364 7.56512e-07 0.000762532 0.678873 
0.485306 2.86502e-07 0.000495055 0.514199 
0.385849 2.05009e-06 0.0009184 0.613231 
0.3859 2.16426e-06 0.000787303 0.613311 
0.439933 2.4673e-07 0.000718032 0.559349 
0.343687 3.66229e-06 0.000841419 0.655468 
0.501548 2.10965e-06 0.000255811 0.498194 
0.334482 2.18855e-06 0.0010236 0.664492 
0.610892 4.11132e-06 0.000747796 0.388357 
0.282028 1.26537e-06 0.000805542 0.717165 
0.440012 4.93549e-07 0.000538621 0.559449 
0.343639 3.46905e-06 0.000981518 0.655376 
0.6551 1.66915e-09 5.88901e-05 0.344841 
0.758113 3.90227e-10 2.75356e-05 0.241859 
0.0453284 9.23952e-09 0.000244488 0.954427 
0.81039 1.26184e-09 1.61889e-05 0.189594 
0.240437 2.75679e-09 0.000172913 0.75939 
0.752403 1.67744e-09 5.91825e-05 0.247538 
0.431756 1.65013e-09 5.8219e-05 0.568186 
0.594178 6.9322e-10 4.0763e-05 0.405781 
0.813596 4.20817e-09 0.00010605 0.186298 
0.837967 0 1.22973e-05 0.162021 
0.895105 0 5.30742e-06 0.10489 
0.114484 0 0.000100804 0.885416 
0.920864 0 3.00309e-06 0.0791329 
0.462916 0 5.43472e-05 0.537029 
0.892175 0 1.14563e-05 0.107814 
0.674128 0 1.48395e-05 0.325857 
0.799452 0 8.95347e-06 0.200539 
0.9224 0 1.96278e-05 0.0775804 
0.799452 0 8.95347e-06 0.200539 
0.868031 0 3.92789e-06 0.131965 
0.0906247 0 6.08971e-05 0.909314 
0.899693 0 2.23914e-06 0.100304 
0.399175 0 3.57645e-05 0.600789 
0.864462 0 8.47136e-06 0.135529 
0.614578 0 1.03245e-05 0.385412 
0.754461 0 6.44839e-06 0.245532 
0.901604 0 1.46414e-05 0.0983812 
0.8973 0.000138254 0.00737355 0.0951879 
0.936642 2.91547e-05 0.00310983 0.060219 
0.173953 0.00214418 0.0857674 0.738135 
0.953227 8.97545e-05 0.00174069 0.0449425 
0.587224 0.000407152 0.038604 0.373765 
0.931422 0.000125573 0.0066972 0.0617548 
0.782617 0.000180876 0.00964671 0.207555 
0.874149 6.16725e-05 0.005482 0.120308 
0.944846 0.000295526 0.0112581 0.0436007 
0.908503 0.00307186 0.0351069 0.0533186 
0.927469 0.000313599 0.0286719 0.0435454 
0.890296 0.00571956 0.0412841 0.0627002 
0.953401 0.00241775 0.00921048 0.034971 
0.880848 0.00347474 0.0510574 0.0646196 
0.95173 0.00386162 0.0220664 0.0223422 
0.869032 0.00235072 0.0470143 0.0816034 
0.93387 0.000631526 0.0216523 0.0438459 
0.884477 0.00538311 0.0478499 0.0622903 
0.890296 0.00571956 0.0412841 0.0627002 
0.91401 0.000587191 0.0339069 0.0514962 
0.867782 0.0105924 0.0482881 0.0733375 
0.943016 0.00454369 0.0109322 0.0415081 
0.858307 0.00643306 0.059701 0.0755591 
0.940113 0.00724752 0.0261565 0.0264834 
0.845494 0.00434539 0.0548891 0.0952718 
0.921278 0.00118372 0.0256324 0.0519057 
0.86133 0.00996026 0.0559172 0.0727923 
0.867782 0.0105924 0.0482881 0.0733375 
0.898193 0.00109636 0.0399843 0.0607261 
0.839363 0.0194664 0.056048 0.0851229 
0.929467 0.00850897 0.0129301 0.0490941 
0.831015 0.0118342 0.0693632 0.0877878 
0.924352 0.0135394 0.0308615 0.0312473 
0.817737 0.0079852 0.0637046 0.110573 
0.906259 0.0022124 0.0302575 0.0612714 
0.83244 0.0182897 0.06485 0.0844208 
0.839363 0.0194664 0.056048 0.0851229 
0.879608 0.00203997 0.0469883 0.0713635 
0.802639 0.0353679 0.0643149 0.0976783 
0.911186 0.0158491 0.015211 0.0577542 
0.797457 0.0215769 0.0798747 0.101091 
0.902152 0.0251071 0.0361444 0.0365962 
0.784745 0.0145598 0.0733613 0.127334 
0.88823 0.00411994 0.0355867 0.072063 
0.795592 0.0332123 0.0743753 0.0968207 
0.802639 0.0353679 0.0643149 0.0976783 
0.857731 0.00377955 0.0549835 0.0835062 
0.754197 0.0631433 0.07252 0.11014 
0.885629 0.0292686 0.0177412 0.0673612 
0.755445 0.0388364 0.0908 0.114919 
0.869842 0.045995 0.0418199 0.0423427 
0.745075 0.0262651 0.0835833 0.145077 
0.866365 0.00763519 0.0416528 0.0843469 
0.747645 0.0593003 0.0838716 0.109183 
0.754197 0.0631433 0.07252 0.11014 
0.83186 0.00696455 0.0639902 0.0971851 
0.689797 0.109728 0.0795931 0.120882 
0.848822 0.0532992 0.0204047 0.077474 
0.702023 0.0685711 0.101255 0.128151 
0.82198 0.082582 0.0474226 0.0480154 
0.696741 0.0466664 0.0937935 0.162799 
0.839443 0.0140561 0.0484301 0.0980709 
0.684668 0.10318 0.0921682 0.119983 
0.689797 0.109728 0.0795931 0.120882 
0.801018 0.012742 0.0739412 0.112298 
0.605696 0.183065 0.0838668 0.127373 
0.795116 0.0948611 0.0229364 0.0870865 
0.633827 0.117629 0.109702 0.138842 
0.751757 0.143501 0.0520455 0.0526961 
0.637272 0.0810982 0.102945 0.178684 
0.805646 0.0256313 0.0557763 0.112947 
0.603077 0.17268 0.0974215 0.126822 
0.605696 0.183065 0.0838668 0.127373 
0.763809 0.0230853 0.0846077 0.128498 
0.501817 0.28817 0.08338 0.126633 
0.718016 0.162759 0.0248548 0.0943704 
0.548495 0.193406 0.11392 0.14418 
0.653646 0.237068 0.0543036 0.0549824 
0.5643 0.136443 0.109389 0.189868 
0.762335 0.0460814 0.0633334 0.12825 
0.502455 0.27335 0.0974004 0.126794 
0.501817 0.28817 0.08338 0.126633 
0.718272 0.041247 0.0954763 0.145005 
0.385611 0.420733 0.076886 0.116771 
0.613517 0.264235 0.0254849 0.096763 
0.447501 0.299809 0.111533 0.141158 
0.529174 0.364656 0.0527553 0.0534148 
0.477149 0.219204 0.110994 0.192654 
0.706003 0.0810849 0.0703841 0.142528 
0.389242 0.402343 0.090545 0.11787 
0.903196 0.00139837 0.0266357 0.0687699 
0.921948 0.00014274 0.0217509 0.0561582 
0.885192 0.00260394 0.0313256 0.0808789 
0.946861 0.00109948 0.00698084 0.0450591 
0.876257 0.00158277 0.0387618 0.0833985 
0.952373 0.00176941 0.0168515 0.0290057 
0.858848 0.00106377 0.0354589 0.104629 
0.926856 0.000287001 0.0164 0.0564571 
0.880714 0.00245442 0.0363617 0.0804698 
0.885192 0.00260394 0.0313256 0.0808789 
0.907688 0.000267012 0.0256974 0.0663475 
0.863783 0.00482784 0.0366816 0.0947074 
0.93619 0.00206547 0.0082826 0.0534616 
0.854171 0.00293147 0.0453418 0.0975557 
0.942231 0.00332608 0.0200065 0.0344362 
0.834664 0.00196425 0.0413525 0.12202 
0.913312 0.000537333 0.0193925 0.0667585 
0.858751 0.0045471 0.0425459 0.0941557 
0.863783 0.00482784 0.0366816 0.0947074 
0.89107 0.000498035 0.0302723 0.0781594 
0.838118 0.00890034 0.04271 0.110272 
0.923075 0.00386942 0.00979989 0.0632552 
0.828313 0.00540119 0.052763 0.113523 
0.92933 0.00623303 0.0236791 0.0407576 
0.806873 0.00360781 0.0479708 0.141548 
0.897415 0.00100316 0.0228659 0.0787159 
0.832581 0.0083762 0.0494992 0.109544 
0.838118 0.00890034 0.04271 0.110272 
0.871774 0.000925775 0.0355401 0.0917602 
0.806963 0.016282 0.0493469 0.127408 
0.906671 0.00722125 0.0115509 0.0745572 
0.797898 0.00988544 0.0609907 0.131225 
0.912453 0.0116277 0.0278989 0.0480209 
0.774982 0.0065839 0.0552898 0.163144 
0.878768 0.0018664 0.026869 0.0924964 
0.801062 0.0153123 0.0571504 0.126476 
0.806963 0.016282 0.0493469 0.127408 
0.849439 0.00171391 0.0415555 0.107291 
0.768533 0.0294626 0.0563962 0.145608 
0.885662 0.0134025 0.0135399 0.0873956 
0.761833 0.0179334 0.0698807 0.150353 
0.889634 0.0215401 0.0326414 0.0561841 
0.738351 0.0119181 0.0632116 0.186519 
0.856873 0.00345781 0.0314394 0.10823 
0.762548 0.0276946 0.0652832 0.144474 
0.768533 0.0294626 0.0563962 0.145608 
0.823649 0.00315756 0.0483526 0.12484 
0.720331 0.052468 0.0634309 0.163771 
0.857992 0.0246691 0.0157402 0.101598 
0.718584 0.032139 0.0790963 0.170181 
0.857767 0.0394602 0.0377666 0.0650058 
0.696116 0.0213491 0.071515 0.21102 
0.831071 0.00637202 0.0365912 0.125965 
0.714748 0.0493213 0.0734292 0.162501 
0.720331 0.052468 0.0634309 0.163771 
0.793894 0.00578262 0.055927 0.144396 
0.659244 0.0912351 0.0696621 0.179859 
0.820519 0.0448242 0.0180633 0.116593 
0.666108 0.0566048 0.0879842 0.189303 
0.812227 0.0709939 0.0429138 0.0738655 
0.647115 0.037708 0.0797771 0.2354 
0.800457 0.0116609 0.042292 0.14559 
0.654786 0.0858488 0.0807228 0.178642 
0.659244 0.0912351 0.0696621 0.179859 
0.759512 0.0105112 0.0642058 0.165771 
0.582363 0.153131 0.0738457 0.19066 
0.7688 0.0797977 0.0203097 0.131093 
0.602049 0.0972062 0.0954273 0.205318 
0.747047 0.124064 0.0473641 0.0815254 
0.58991 0.0653118 0.0872698 0.257508 
0.763743 0.0211394 0.0484226 0.166695 
0.5799 0.144458 0.0857889 0.189854 
0.872465 4.67772e-09 7.12958e-05 0.127463 
0.918631 9.94997e-10 3.03307e-05 0.0813382 
0.146013 6.26276e-08 0.000715908 0.853272 
0.939012 3.07664e-09 1.7052e-05 0.0609713 
0.5327 1.28523e-08 0.000348248 0.466951 
0.91627 4.2985e-09 6.5516e-05 0.0836644 
0.732407 5.89019e-09 8.97758e-05 0.267504 
0.840617 2.06372e-09 5.24238e-05 0.159331 
0.940141 1.02323e-08 0.000111398 0.0597474 
0.905763 1.15206e-06 0.00112881 0.0931068 
0.923163 1.17419e-07 0.000920392 0.0759163 
0.889007 2.14842e-06 0.00132951 0.109661 
0.939356 8.9609e-07 0.000292668 0.06035 
0.884672 1.31277e-06 0.00165378 0.113673 
0.959816 1.46497e-06 0.000717701 0.0394652 
0.857474 8.72511e-07 0.00149608 0.141029 
0.923376 2.34892e-07 0.000690453 0.0759338 
0.88881 2.03489e-06 0.00155075 0.109637 
0.889007 2.14842e-06 0.00132951 0.109661 
0.909191 2.1972e-07 0.00108775 0.0897208 
0.8697 3.99334e-06 0.00156076 0.128736 
0.928099 1.68217e-06 0.000346992 0.0715521 
0.864725 2.43803e-06 0.00193979 0.133333 
0.952162 2.76125e-06 0.000854373 0.0469806 
0.833709 1.61182e-06 0.00174553 0.164544 
0.909438 4.39559e-07 0.000816037 0.0897452 
0.869474 3.78218e-06 0.00182041 0.128702 
0.8697 3.99334e-06 0.00156076 0.128736 
0.892973 4.1002e-07 0.00128202 0.105744 
0.847609 7.39462e-06 0.00182534 0.150559 
0.914941 3.1508e-06 0.000410488 0.0846452 
0.841945 4.51022e-06 0.00226643 0.155784 
0.943137 5.19665e-06 0.00101553 0.0558424 
0.806873 2.96389e-06 0.00202722 0.191097 
0.893259 8.20303e-07 0.000961824 0.105778 
0.847351 7.0033e-06 0.00212891 0.150513 
0.847609 7.39462e-06 0.00182534 0.150559 
0.874259 7.62712e-07 0.00150618 0.124234 
0.822535 1.36342e-05 0.00212561 0.175326 
0.899635 5.88638e-06 0.000484344 0.099875 
0.816143 8.3068e-06 0.00263637 0.181212 
0.932528 9.76256e-06 0.00120493 0.0662571 
0.776864 5.42195e-06 0.00234219 0.220788 
0.874588 1.526e-06 0.00113006 0.124281 
0.822244 1.2912e-05 0.002479 0.175264 
0.900215 2.48851e-07 0.000409631 0.0993749 
0.937131 5.23345e-08 0.000172295 0.062697 
0.183725 4.06303e-06 0.00501609 0.811255 
0.95314 1.61016e-07 9.6381e-05 0.0467632 
0.600246 7.46681e-07 0.00218508 0.397568 
0.935111 2.26185e-07 0.000372321 0.0645169 
0.783295 3.24795e-07 0.000534643 0.21617 
0.874459 1.10688e-07 0.000303669 0.125237 
0.95358 5.35113e-07 0.000629175 0.0457906 
0.91401 0.000587191 0.0339069 0.0514962 
0.953049 0.000123691 0.0142849 0.0325428 
0.180804 0.00929237 0.402437 0.407467 
0.96742 0.000379808 0.00797518 0.0242246 
0.610608 0.00176524 0.181213 0.206413 
0.936124 0.000526223 0.0303864 0.0329638 
0.8351 0.000804745 0.0464695 0.117626 
0.907688 0.000267012 0.0256974 0.0663475 
0.926267 0.00120798 0.0498243 0.0227012 
0.907688 0.000267012 0.0256974 0.0663475 
0.947151 5.6287e-05 0.0108342 0.0419588 
0.177117 0.00416816 0.30086 0.517855 
0.962503 0.000173028 0.00605539 0.0312685 
0.600103 0.000794388 0.135915 0.263187 
0.933956 0.000240397 0.0231359 0.0426672 
0.815897 0.000360015 0.0346481 0.149095 
0.895599 0.000120635 0.01935 0.0849307 
0.931581 0.000556302 0.038242 0.0296208 
0.895599 0.000120635 0.01935 0.0849307 
0.937884 2.55214e-05 0.00818731 0.0539034 
0.163925 0.00176642 0.212502 0.621807 
0.955082 7.86178e-05 0.00458559 0.040254 
0.573908 0.000347869 0.0991973 0.326547 
0.927392 0.000109303 0.0175323 0.0549661 
0.787595 0.000159131 0.0255247 0.186721 
0.877515 5.41229e-05 0.0144689 0.107962 
0.932094 0.000254868 0.0292008 0.0384503 
0.877515 5.41229e-05 0.0144689 0.107962 
0.924865 1.15239e-05 0.00616148 0.0689619 
0.144603 0.000713499 0.143057 0.711626 
0.944838 3.56126e-05 0.003462 0.0516642 
0.534653 0.000148392 0.0705251 0.394674 
0.916275 4.94493e-05 0.0132195 0.0704564 
0.750524 6.94355e-05 0.0185625 0.230844 
0.853076 2.40924e-05 0.0107346 0.136165 
0.928029 0.000116194 0.0221876 0.0496667 
0.853076 2.40924e-05 0.0107346 0.136165 
0.907583 5.17813e-06 0.00461432 0.0877973 
0.122821 0.000277495 0.09273 0.784172 
0.931312 1.60734e-05 0.00260423 0.066068 
0.485792 6.17383e-05 0.0489031 0.465243 
0.900256 2.22467e-05 0.00991221 0.0898099 
0.705239 2.98758e-05 0.0133114 0.28142 
0.821897 1.06286e-05 0.00789275 0.1702 
0.91934 5.27065e-05 0.0167741 0.0638328 
0.821897 1.06286e-05 0.00789275 0.1702 
0.885436 2.31318e-06 0.00343553 0.111126 
0.101415 0.000104918 0.0584337 0.840047 
0.913928 7.22254e-06 0.00195034 0.0841146 
0.431151 2.50899e-05 0.0331231 0.535701 
0.878858 9.94454e-06 0.00738479 0.113747 
0.652687 1.26606e-05 0.00940172 0.337899 
0.783701 4.6406e-06 0.0057435 0.210551 
0.905771 2.37778e-05 0.0126124 0.0815924 
0.783701 4.6406e-06 0.0057435 0.210551 
0.857789 1.02612e-06 0.00253999 0.13967 
0.0820569 3.88713e-05 0.0360821 0.881822 
0.892031 3.22793e-06 0.00145276 0.106513 
0.374444 9.97753e-06 0.0219535 0.603593 
0.851548 4.41206e-06 0.00546064 0.142987 
0.594298 5.27861e-06 0.00653314 0.399163 
0.738471 2.00227e-06 0.00413023 0.257397 
0.886913 1.06611e-05 0.00942485 0.103651 
0.738471 2.00227e-06 0.00413023 0.257397 
0.824059 4.51381e-07 0.00186219 0.174078 
0.0654539 1.41976e-05 0.0219648 0.912567 
0.864934 1.43315e-06 0.00107501 0.133989 
0.31887 3.89059e-06 0.0142674 0.666859 
0.817834 1.94027e-06 0.00400234 0.178162 
0.531978 2.16359e-06 0.00446299 0.463557 
0.686591 8.5242e-07 0.00293058 0.310478 
0.862265 4.74598e-06 0.00699277 0.130737 
0.86531 0.00144828 0.066207 0.0670346 
0.927469 0.000313599 0.0286719 0.0435454 
0.113335 0.0151752 0.520292 0.351197 
0.950158 0.000971843 0.0161553 0.0327145 
0.479744 0.00361329 0.293651 0.222991 
0.895391 0.0013113 0.0599449 0.043353 
0.762805 0.00191507 0.0875461 0.147734 
0.862319 0.000660867 0.0503518 0.086668 
0.87105 0.0029595 0.0966368 0.0293534 
0.862319 0.000660867 0.0503518 0.086668 
0.921948 0.00014274 0.0217509 0.0561582 
0.116482 0.0071416 0.408091 0.468285 
0.945078 0.000442623 0.0122631 0.0422159 
0.48225 0.00166315 0.225273 0.290813 
0.8972 0.000601649 0.0458399 0.0563585 
0.746268 0.000857891 0.0653631 0.18751 
0.850843 0.00029858 0.0379149 0.110944 
0.885001 0.00137684 0.0749303 0.0386921 
0.850843 0.00029858 0.0379149 0.110944 
0.911493 6.46189e-05 0.0164112 0.0720316 
0.112139 0.00314818 0.299826 0.584886 
0.936269 0.000200786 0.00927148 0.054259 
0.467196 0.000737774 0.166552 0.365514 
0.892225 0.000273964 0.0347891 0.0727124 
0.717694 0.000377783 0.0479724 0.233956 
0.831023 0.000133534 0.0282611 0.140582 
0.891228 0.000634886 0.0575861 0.0505512 
0.831023 0.000133534 0.0282611 0.140582 
0.895817 2.90798e-05 0.0123089 0.0918445 
0.101833 0.00130905 0.207785 0.689073 
0.923497 9.06845e-05 0.00697909 0.0694337 
0.437103 0.000316063 0.118919 0.443662 
0.880571 0.000123808 0.0262028 0.0931026 
0.678347 0.000163501 0.0346034 0.286886 
0.802891 5.90745e-05 0.0208376 0.176213 
0.890294 0.000290407 0.0439012 0.0655148 
0.890294 0.000290407 0.0439012 0.0655148 
0.910455 2.96983e-05 0.0359163 0.0535988 
0.871005 0.000539818 0.0515401 0.0769146 
0.944675 0.000231109 0.0116457 0.0434479 
0.857389 0.000326286 0.063418 0.0788668 
0.943919 0.000369478 0.0279273 0.0277844 
0.842434 0.000219836 0.0581577 0.0991887 
0.918677 5.9933e-05 0.0271805 0.0540828 
0.863612 0.000507066 0.0596197 0.0762616 
0.871005 0.000539818 0.0515401 0.0769146 
0.894418 5.54329e-05 0.0423404 0.0631856 
0.848787 0.000999492 0.0602705 0.0899431 
0.934187 0.000434232 0.0138197 0.0515587 
0.833427 0.000602617 0.0739748 0.0919953 
0.93321 0.000694045 0.0331326 0.032963 
