0.25 0.25 0.25 0.25 
0.114286 0.314286 0.4 0.171429 
0.0963855 0.13253 0.590361 0.180723 
0.103337 0.0947255 0.527449 0.274489 
0.173795 0.089613 0.332654 0.403938 
0.272727 0.363636 0.136364 0.227273 
0.335294 0.329412 0.0705882 0.264706 
0.390552 0.282726 0.0346195 0.292102 
0.126533 0.549597 0.134595 0.189274 
0.144864 0.314607 0.269663 0.270867 
0.156627 0.45354 0.145781 0.244052 
0.121253 0.526661 0.131665 0.220422 
0.0993789 0.409938 0.434783 0.0559006 
0.0772325 0.477876 0.394208 0.0506838 
0.0588175 0.5459 0.35025 0.0450322 
0.043932 0.611616 0.305211 0.0392414 
0.0965168 0.335924 0.502901 0.0646587 
0.116124 0.269445 0.504222 0.110209 
0.0913649 0.105998 0.69425 0.108388 
0.0433604 0.327913 0.531165 0.097561 
0.0514469 0.259378 0.525188 0.163987 
0.0575252 0.193349 0.489364 0.259762 
0.0213717 0.19754 0.636328 0.14476 
0.024056 0.148234 0.596876 0.230834 
0.0253945 0.104321 0.525073 0.345211 
0.0435556 0.100647 0.337718 0.51808 
0.00759309 0.105275 0.706497 0.180635 
0.130435 0.478261 0.228261 0.163043 
0.119048 0.52381 0.208333 0.14881 
0.0900901 0.594595 0.183934 0.131381 
0.0667408 0.660734 0.158973 0.113552 
0.355556 0.2 0.133333 0.311111 
0.416438 0.172603 0.0657534 0.345205 
0.142056 0.353271 0.269159 0.235514 
0.131034 0.162931 0.434483 0.271552 
0.165487 0.27436 0.27436 0.285792 
0.134484 0.334439 0.260119 0.270958 
0.179999 0.329833 0.146592 0.343576 
0.222222 0.111111 0.388889 0.277778 
0.0875513 0.180575 0.670315 0.0615595 
0.0690151 0.17793 0.704529 0.0485262 
0.0539465 0.173851 0.734271 0.0379311 
0.0950314 0.191408 0.646741 0.0668189 
0.110986 0.149029 0.629433 0.110552 
0.154892 0.277314 0.439221 0.128573 
0.127406 0.28513 0.481706 0.105757 
0.102708 0.344783 0.453045 0.0994647 
0.175103 0.135431 0.402189 0.287278 
0.148062 0.171776 0.396761 0.283401 
0.125989 0.182709 0.45015 0.241152 
0.105366 0.191002 0.501954 0.201678 
0.0868805 0.236238 0.482871 0.194011 
0.0705811 0.287877 0.45766 0.183881 
0.0564259 0.345214 0.426855 0.171504 
0.0443484 0.406986 0.391405 0.157261 
0.0342475 0.471435 0.352634 0.141683 
0.438733 0.234025 0.0163749 0.310868 
0.480765 0.18896 0.00755523 0.322721 
0.204526 0.482321 0.0385696 0.274583 
0.186658 0.586913 0.0176001 0.208829 
0.226426 0.524598 0.00898936 0.239987 
0.268241 0.457932 0.00448399 0.269343 
0.310925 0.391116 0.00218842 0.295771 
0.1 0.55 0.204167 0.145833 
0.075 0.61875 0.178646 0.127604 
0.0551302 0.682236 0.153203 0.109431 
0.0398083 0.738942 0.129062 0.0921873 
0.101947 0.473097 0.247891 0.177065 
0.1026 0.238064 0.436588 0.222749 
0.0811646 0.0941637 0.604407 0.220265 
0.0845769 0.065415 0.524848 0.325161 
0.0326656 0.0694782 0.709479 0.188377 
0.0344456 0.130248 0.738428 0.0968784 
0.039417 0.0993636 0.704168 0.157052 
0.0430807 0.0723995 0.641349 0.24317 
0.080212 0.0758254 0.447798 0.396164 
0.0686616 0.0811333 0.511088 0.339117 
0.0580762 0.102938 0.504344 0.334642 
0.0487503 0.129612 0.493915 0.327723 
0.0407256 0.135346 0.550151 0.273777 
0.0334579 0.138991 0.602631 0.22492 
0.0270777 0.140608 0.650285 0.182029 
0.193353 0.299094 0.253776 0.253776 
0.156671 0.363525 0.239902 0.239902 
0.146052 0.406664 0.223642 0.223642 
0.194286 0.398607 0.125264 0.281843 
0.240528 0.363616 0.0652958 0.33056 
0.283271 0.315539 0.0323785 0.368812 
0.0857703 0.573243 0.117645 0.223342 
0.10003 0.334273 0.240106 0.325591 
0.0914064 0.152728 0.383963 0.371903 
0.0378787 0.174049 0.556898 0.231174 
0.0400625 0.122722 0.490838 0.346378 
0.0729345 0.0334283 0.651472 0.242165 
0.0743334 0.022713 0.553306 0.349648 
0.123777 0.0212742 0.345505 0.509443 
0.161261 0.0204229 0.18953 0.628786 
0.126984 0.232804 0.37037 0.269841 
0.0444085 0.335839 0.566671 0.053082 
0.034934 0.396282 0.520067 0.0487165 
0.0270191 0.459746 0.469276 0.0439587 
0.0205404 0.524261 0.416211 0.0389879 
0.0153516 0.587738 0.362915 0.0339955 
0.0333752 0.319444 0.591749 0.0554312 
0.0262175 0.376403 0.581051 0.0163287 
0.0203586 0.365359 0.601603 0.0126797 
0.150495 0.49901 0.142574 0.207921 
0.136838 0.544472 0.129636 0.189053 
0.103247 0.616221 0.114115 0.166418 
0.0762045 0.682231 0.0982637 0.143301 
0.178075 0.398559 0.172217 0.25115 
0.177209 0.528828 0.0856897 0.208274 
0.221438 0.486918 0.045085 0.246559 
0.329897 0.0927835 0.216495 0.360825 
0.396867 0.0822454 0.109661 0.411227 
0.0522651 0.178716 0.60655 0.162469 
0.0576221 0.131356 0.557267 0.253755 
0.0594614 0.0903656 0.479212 0.370961 
0.0233948 0.0977733 0.659903 0.218929 
0.0677966 0.0466102 0.726695 0.158898 
0.133108 0.0343169 0.44586 0.386715 
0.115026 0.0370689 0.513723 0.334182 
0.0974377 0.039251 0.580228 0.283083 
0.0809807 0.040777 0.642971 0.235271 
0.144231 0.423077 0.252404 0.180288 
0.141011 0.206816 0.431845 0.220329 
0.0552613 0.222887 0.592332 0.129519 
0.0627294 0.168672 0.560317 0.208281 
0.0224025 0.165654 0.700369 0.111575 
0.0256162 0.126278 0.667366 0.180739 
0.0277837 0.0913088 0.603195 0.277712 
0.0282141 0.0618155 0.51045 0.399521 
0.0109185 0.0657851 0.691382 0.231914 
0.0113797 0.0457092 0.600488 0.342423 
0.0202524 0.0457585 0.400757 0.533232 
0.517555 0.149888 0.00342459 0.329132 
0.244563 0.424965 0.0194189 0.311053 
0.0524017 0.528384 0.320961 0.0982533 
0.0392799 0.594108 0.280687 0.0859247 
0.0289215 0.656156 0.241113 0.07381 
0.020949 0.712921 0.203756 0.0623742 
0.0149549 0.763399 0.169698 0.0519483 
0.040197 0.512983 0.342096 0.104723 
0.0391684 0.249928 0.583349 0.127554 
0.0448863 0.190942 0.55709 0.207082 
0.108254 0.35724 0.473613 0.0608931 
0.124127 0.54616 0.271528 0.0581846 
0.093467 0.616882 0.238536 0.0511148 
0.0688921 0.682032 0.205121 0.0439546 
0.16164 0.400059 0.360954 0.0773473 
0.14829 0.183509 0.579501 0.0886991 
0.125543 0.233039 0.613258 0.0281598 
0.0994259 0.230699 0.647573 0.0223016 
0.0780709 0.226436 0.677981 0.0175116 
0.0608691 0.22068 0.704797 0.0136532 
0.107762 0.244182 0.623884 0.0241715 
0.0853255 0.290013 0.617485 0.00717708 
0.0667476 0.283585 0.644053 0.00561441 
0.244422 0.139296 0.236382 0.379899 
0.303067 0.127266 0.12341 0.446258 
0.0880985 0.22197 0.430487 0.259445 
0.146488 0.207611 0.268426 0.377475 
0.190221 0.198647 0.146763 0.464369 
0.0467144 0.292701 0.432505 0.228079 
0.0815094 0.287279 0.282995 0.348217 
0.065268 0.345054 0.264374 0.325304 
0.0350877 0.398026 0.537281 0.0296053 
0.0271263 0.461571 0.4846 0.0267025 
0.0206127 0.526106 0.429609 0.0236723 
0.0153987 0.58954 0.374429 0.0206318 
0.0113174 0.649935 0.321057 0.0176909 
0.00819258 0.705722 0.271145 0.0149406 
0.0205232 0.441975 0.509431 0.0280707 
0.0154217 0.498168 0.478501 0.00790991 
0.0115939 0.561779 0.419689 0.00693772 
0.124524 0.385246 0.26494 0.225289 
0.0977174 0.45347 0.242557 0.206256 
0.0750785 0.522617 0.217422 0.184883 
0.0565197 0.590145 0.190957 0.162378 
0.170213 0.0425532 0.521277 0.265957 
0.17274 0.0647773 0.661269 0.101215 
0.139687 0.0654784 0.712987 0.0818479 
0.11139 0.0652678 0.758074 0.0652678 
0.0877776 0.0642902 0.7965 0.0514322 
0.0684921 0.0627064 0.828669 0.0401321 
0.121839 0.0697171 0.737053 0.0713903 
0.13788 0.0525969 0.695072 0.114451 
0.150802 0.0383509 0.633513 0.177335 
0.463563 0.141573 0.0308186 0.364045 
0.192277 0.35233 0.153395 0.301997 
0.194138 0.474321 0.0774402 0.254101 
0.237632 0.427799 0.0399113 0.294658 
0.27996 0.371369 0.0197981 0.328873 
0.320503 0.313269 0.00954327 0.356684 
0.358801 0.258412 0.00449836 0.378289 
0.13192 0.570062 0.0198469 0.278171 
0.116359 0.670423 0.0087529 0.204465 
0.0645885 0.434178 0.32967 0.171563 
0.0707304 0.380372 0.36102 0.187878 
0.0669347 0.119987 0.498233 0.314846 
0.0480717 0.0430865 0.626194 0.282648 
0.0481178 0.0287518 0.522329 0.400802 
0.0188214 0.0309276 0.715088 0.235163 
0.0194337 0.0212891 0.615292 0.343985 
0.0345102 0.0212653 0.409736 0.534489 
0.0295463 0.0273098 0.409267 0.533877 
0.254074 0.289595 0.14041 0.315921 
0.307643 0.258375 0.0715846 0.362397 
0.353009 0.218456 0.0345855 0.39395 
0.123142 0.457233 0.144776 0.274849 
0.119068 0.589475 0.0699933 0.221463 
0.0886379 0.658232 0.0607891 0.192341 
0.0646377 0.720007 0.0517177 0.163638 
0.159145 0.443184 0.0955008 0.302171 
0.151622 0.562979 0.0454932 0.239906 
0.114083 0.63539 0.0399347 0.210593 
0.0443996 0.0497439 0.550819 0.355037 
0.0168077 0.0517849 0.729805 0.201602 
0.017784 0.0365285 0.643496 0.302192 
0.00629797 0.0355743 0.797601 0.160526 
0.00683007 0.0257199 0.720824 0.246626 
0.00701203 0.0176034 0.61669 0.358695 
0.00254809 0.0175914 0.784342 0.195518 
0.00269674 0.0124118 0.691749 0.293143 
0.00513094 0.0132835 0.493557 0.488028 
0.00438452 0.0170267 0.492051 0.486538 
0.0289658 0.164291 0.776194 0.0305499 
0.0222848 0.157996 0.796216 0.0235035 
0.0170777 0.151348 0.813563 0.0180116 
0.0318339 0.176326 0.758265 0.0335748 
0.0384079 0.141826 0.762379 0.0573868 
0.0452085 0.111292 0.747807 0.0956928 
0.0514821 0.0844908 0.70965 0.154377 
0.0560877 0.0613662 0.64428 0.238266 
0.103733 0.0638411 0.446842 0.385584 
0.134078 0.24581 0.410615 0.209497 
0.109339 0.300683 0.390661 0.199317 
0.0875646 0.361204 0.365005 0.186227 
0.0722499 0.372538 0.401555 0.153656 
0.056498 0.436977 0.366343 0.140182 
0.0433629 0.503078 0.328035 0.125524 
0.0326742 0.568607 0.288372 0.110346 
0.0241895 0.631432 0.249071 0.0953077 
0.0549348 0.358498 0.424233 0.162334 
0.0465743 0.151969 0.629421 0.172036 
0.0413693 0.202478 0.698849 0.0573036 
0.0418768 0.168693 0.759986 0.0294446 
0.0323247 0.162768 0.782179 0.0227283 
0.0590005 0.185682 0.713833 0.0414847 
0.0705394 0.147997 0.711199 0.0702638 
0.0818882 0.114539 0.688018 0.115555 
0.0914646 0.0852891 0.640399 0.182847 
0.097197 0.0604229 0.567112 0.275268 
0.0322267 0.672985 0.261205 0.0335835 
0.0232579 0.728536 0.219929 0.0282766 
0.0594002 0.465166 0.42127 0.0541633 
0.0541522 0.212035 0.672091 0.0617226 
0.0642357 0.167678 0.664364 0.103722 
0.0732784 0.127522 0.631575 0.167625 
0.0794713 0.0921991 0.570792 0.257538 
0.177847 0.480499 0.131045 0.210608 
0.226096 0.450104 0.0701461 0.253653 
0.273198 0.400749 0.0356882 0.290365 
0.318192 0.34392 0.0175014 0.320387 
0.360557 0.287156 0.00835015 0.343937 
0.399954 0.234708 0.00390002 0.361438 
0.436177 0.188606 0.00179083 0.373426 
0.186707 0.484401 0.00919888 0.319693 
0.169182 0.585245 0.00416773 0.241405 
0.203621 0.519014 0.00211204 0.275253 
0.240202 0.451136 0.00104904 0.307613 
0.277856 0.384526 0.000510944 0.337107 
0.102436 0.131351 0.371497 0.394716 
0.140403 0.132658 0.214397 0.512542 
0.0309654 0.175543 0.567413 0.226079 
0.010908 0.170054 0.699579 0.119459 
0.0124451 0.129344 0.66513 0.193081 
0.0134326 0.093072 0.598259 0.295237 
0.0244913 0.0954537 0.409045 0.471009 
0.0343364 0.0986076 0.241463 0.625593 
0.140219 0.661338 0.0154248 0.183019 
0.102819 0.727415 0.0131957 0.15657 
0.0738641 0.783851 0.0110596 0.131225 
0.227907 0.0865898 0.183675 0.501827 
0.269884 0.0755546 0.0915813 0.56298 
0.0915438 0.153767 0.372768 0.381921 
0.0283062 0.788151 0.107067 0.0764761 
0.0779783 0.542802 0.221211 0.158008 
0.0834878 0.290577 0.414471 0.211465 
0.0314998 0.301494 0.547328 0.119678 
0.0367068 0.234221 0.531502 0.19757 
0.0400877 0.170529 0.483713 0.30567 
0.0150675 0.176263 0.636334 0.172335 
0.0166125 0.129558 0.584654 0.269176 
0.0159321 0.186377 0.700884 0.0968065 
0.500748 0.112685 0.0140172 0.37255 
0.239574 0.323472 0.080475 0.356479 
0.129804 0.240984 0.267065 0.362147 
0.0571709 0.291882 0.411691 0.239256 
0.0671357 0.457009 0.241724 0.234131 
0.0513343 0.524168 0.215636 0.208863 
0.0385152 0.58991 0.188752 0.182823 
0.028385 0.65213 0.162291 0.157194 
0.0658537 0.378238 0.282389 0.273519 
0.353227 0.3274 0.00104681 0.318326 
0.394015 0.269098 0.000491656 0.336395 
0.146621 0.600823 0.00219547 0.25036 
0.126676 0.692123 0.000948407 0.180252 
0.00951873 0.107534 0.688852 0.194095 
0.0102328 0.0770669 0.617105 0.295595 
0.0102881 0.0516556 0.517034 0.421023 
0.00396688 0.0547728 0.697753 0.243507 
0.00410263 0.0377648 0.601359 0.356773 
0.00149302 0.037794 0.765959 0.194754 
0.00158682 0.0267789 0.678399 0.293235 
0.00300744 0.0285487 0.482155 0.486289 
0.00257518 0.0305567 0.550473 0.416395 
0.208487 0.178225 0.235234 0.378054 
0.261585 0.16477 0.124271 0.449373 
0.07186 0.271584 0.409662 0.246894 
0.0273974 0.284747 0.546659 0.141197 
0.03139 0.217495 0.521936 0.229179 
0.0405905 0.374992 0.337458 0.24696 
0.0315905 0.437768 0.306406 0.224235 
0.0241642 0.502287 0.273439 0.20011 
0.0181676 0.56646 0.239847 0.175526 
0.013433 0.628256 0.206898 0.151413 
0.164868 0.527654 0.0738408 0.233637 
0.149877 0.639566 0.0335633 0.176994 
0.11062 0.708072 0.0289009 0.152407 
0.0799132 0.767278 0.024358 0.128451 
0.0567119 0.816771 0.0201672 0.10635 
0.0585938 0.472656 0.358887 0.109863 
0.0846148 0.30336 0.377902 0.234123 
0.0674929 0.362962 0.351672 0.217873 
0.0528774 0.426544 0.321437 0.199141 
0.0406738 0.492153 0.288462 0.178712 
0.0307218 0.557601 0.254195 0.157482 
0.0228006 0.620746 0.220096 0.136357 
0.100046 0.192431 0.435399 0.272124 
0.0838442 0.201584 0.486517 0.228055 
0.0691459 0.207807 0.534971 0.188076 
0.0562036 0.211139 0.579785 0.152873 
0.0451056 0.211809 0.620399 0.122686 
0.0358051 0.210169 0.656637 0.0973893 
0.0281615 0.206628 0.688612 0.0765988 
0.0219807 0.201597 0.716635 0.059787 
0.0170488 0.195455 0.741123 0.0463725 
0.0248381 0.156337 0.80136 0.0174643 
0.0190155 0.14961 0.818004 0.0133702 
0.03555 0.174813 0.764641 0.0249961 
0.0281485 0.207625 0.756804 0.00742196 
0.0215834 0.199001 0.773725 0.00569093 
0.0400796 0.230961 0.718391 0.0105679 
0.0311063 0.268878 0.69694 0.0030757 
0.0239365 0.258629 0.715067 0.00236677 
0.0438815 0.296332 0.655448 0.00433887 
0.079668 0.410788 0.46473 0.0448133 
0.0633489 0.408304 0.492714 0.0356338 
0.0490237 0.47396 0.444845 0.0321718 
0.0372384 0.54003 0.394221 0.0285107 
0.0277801 0.604299 0.343107 0.024814 
0.0203746 0.66481 0.293583 0.0212324 
0.0482023 0.393203 0.520921 0.0376737 
0.0369852 0.452552 0.499623 0.01084 
0.028902 0.442056 0.520571 0.0084709 
0.0225086 0.430338 0.540556 0.00659708 
0.0174788 0.417716 0.559682 0.00512287 
0.0135391 0.404454 0.578039 0.00396817 
0.103868 0.0634749 0.4418 0.390857 
0.0151073 0.0698186 0.787164 0.12791 
0.0338854 0.0587259 0.551751 0.355638 
0.0282709 0.0612444 0.613773 0.296711 
0.0231747 0.0627554 0.670844 0.243226 
0.0186998 0.0632971 0.721743 0.19626 
0.0148836 0.0629744 0.765935 0.156207 
0.0250811 0.066326 0.645359 0.263234 
0.0469044 0.0697706 0.452584 0.430741 
0.130435 0.403533 0.271852 0.19418 
0.124145 0.192036 0.452799 0.23102 
0.0480516 0.204407 0.613413 0.134128 
0.0542639 0.153889 0.577266 0.214581 
0.0995559 0.158813 0.397158 0.344473 
0.140191 0.164784 0.235479 0.459545 
0.0287646 0.202863 0.579792 0.18858 
0.0314601 0.147915 0.528435 0.29219 
0.0115406 0.149216 0.678466 0.160777 
0.0127637 0.11002 0.625309 0.251907 
0.0180587 0.250376 0.645222 0.0863431 
0.0146517 0.30471 0.654368 0.0262701 
0.0113202 0.294281 0.674102 0.0202968 
0.00871944 0.283339 0.692308 0.0156337 
0.006699 0.272106 0.709184 0.0120111 
0.00513561 0.260753 0.724903 0.00920799 
0.00392984 0.249416 0.739609 0.00704609 
0.00300242 0.238194 0.753421 0.00538325 
0.00229072 0.227165 0.766437 0.0041072 
0.00430916 0.267079 0.720885 0.00772618 
0.00329211 0.306066 0.688429 0.0022135 
0.00252078 0.292943 0.702841 0.00169488 
0.0793429 0.112506 0.531536 0.276616 
0.0658281 0.116678 0.587996 0.229498 
0.0537299 0.119043 0.639908 0.18732 
0.0432238 0.119707 0.686377 0.150692 
0.0343395 0.118878 0.727064 0.119719 
0.0269949 0.116815 0.762077 0.094113 
0.0210367 0.11379 0.791833 0.0733407 
0.0286136 0.0240433 0.745455 0.201888 
0.0300606 0.0168395 0.652628 0.300471 
0.0297391 0.0111063 0.53804 0.421115 
0.0115487 0.0118606 0.73129 0.245301 
0.0118282 0.00809842 0.624155 0.355918 
0.0113561 0.00518345 0.499368 0.484092 
0.00454327 0.00570285 0.699245 0.290509 
0.00453147 0.00379202 0.581191 0.410486 
0.00170046 0.00391318 0.763331 0.231055 
0.00175713 0.00269573 0.65731 0.338237 
0.00321982 0.00277861 0.451679 0.542323 
0.0893869 0.450432 0.24959 0.210591 
0.0902669 0.606489 0.126024 0.177221 
0.0666774 0.671992 0.108605 0.152726 
0.0483327 0.730664 0.0918455 0.129158 
0.03447 0.781645 0.0764197 0.107465 
0.0937208 0.531305 0.155834 0.219141 
0.0198687 0.829827 0.0876774 0.0626267 
0.313733 0.238275 0.0395196 0.408472 
0.351357 0.196627 0.0186354 0.433381 
0.134029 0.450032 0.0853038 0.330636 
0.127373 0.570246 0.0405339 0.261847 
0.156731 0.517027 0.0210006 0.305242 
0.187541 0.455857 0.0105806 0.346022 
0.0501219 0.73099 0.033933 0.184955 
0.0709747 0.517557 0.0840885 0.32738 
0.391469 0.178505 0.0161489 0.413878 
0.157594 0.431164 0.0780126 0.33323 
0.150207 0.54794 0.037178 0.264675 
0.113425 0.620647 0.0327532 0.233174 
0.0837308 0.687243 0.0282082 0.200818 
0.0605957 0.746034 0.0238165 0.169553 
0.154529 0.475627 0.045552 0.324291 
0.142855 0.586262 0.0210554 0.249827 
0.0752168 0.189373 0.682523 0.0528868 
0.0610396 0.230519 0.692347 0.0160944 
0.0473758 0.223646 0.716486 0.0124917 
0.036591 0.215918 0.737843 0.00964801 
0.0665158 0.245313 0.670633 0.0175384 
0.0817384 0.20097 0.68676 0.0305322 
0.0983294 0.161174 0.688463 0.0520334 
0.115246 0.125935 0.672423 0.0863959 
0.166693 0.242872 0.486299 0.104136 
0.0753051 0.0474579 0.350337 0.5269 
0.0994846 0.0461971 0.194874 0.659444 
0.0246613 0.0687108 0.579688 0.32694 
0.00902373 0.0691399 0.742392 0.179444 
0.00972395 0.04967 0.666667 0.273939 
0.0184389 0.0529797 0.474059 0.454522 
0.0157427 0.0565411 0.539655 0.388061 
0.0131847 0.0591919 0.60262 0.325004 
0.0349576 0.132183 0.780628 0.0522315 
0.0270307 0.127762 0.80482 0.0403876 
0.0207894 0.122828 0.82532 0.0310623 
0.0159207 0.117578 0.842714 0.0237877 
0.0297832 0.137473 0.788244 0.0445003 
0.0240578 0.166568 0.795894 0.0134797 
0.0445854 0.192934 0.737499 0.0249813 
0.035239 0.228734 0.728622 0.00740419 
0.0271057 0.219927 0.747272 0.00569528 
0.0498366 0.252724 0.686968 0.0104713 
0.0385864 0.29351 0.664863 0.00304032 
0.069213 0.329046 0.596287 0.00545347 
0.125593 0.337286 0.415494 0.121627 
0.0998225 0.402117 0.385278 0.112782 
0.0777392 0.469738 0.350052 0.102471 
0.145425 0.219682 0.491126 0.143767 
0.0541793 0.225072 0.640406 0.0803425 
0.0636118 0.176171 0.626583 0.133634 
0.0712716 0.13159 0.585027 0.212111 
0.0589719 0.403298 0.391077 0.146654 
0.0209541 0.13136 0.70927 0.138416 
0.0452144 0.106292 0.478265 0.370228 
0.0381236 0.112028 0.537681 0.312167 
0.0315793 0.115997 0.593843 0.25858 
0.0257381 0.118176 0.645334 0.210751 
0.0206789 0.118684 0.691313 0.169325 
0.0164104 0.117732 0.731485 0.134373 
0.549859 0.117338 0.00153193 0.331271 
0.284193 0.363873 0.00950129 0.342433 
0.155149 0.546282 0.0181545 0.280415 
0.137753 0.646709 0.00805951 0.207478 
0.101343 0.713661 0.00691747 0.178079 
0.0730312 0.771435 0.00581581 0.149718 
0.163265 0.336735 0.291667 0.208333 
0.175236 0.481898 0.156526 0.18634 
0.159831 0.527443 0.142766 0.169959 
0.121467 0.601261 0.126581 0.150691 
0.13807 0.546758 0.143883 0.171289 
0.127634 0.673909 0.0665039 0.131952 
0.0931617 0.737841 0.0566322 0.112366 
0.0274423 0.389123 0.56028 0.0231544 
0.0212434 0.451838 0.506007 0.0209115 
0.0161702 0.515899 0.44936 0.0185705 
0.012104 0.579255 0.392423 0.0162175 
0.00891486 0.639951 0.337199 0.0139353 
0.00646709 0.696356 0.285383 0.0117939 
0.00462692 0.74732 0.238209 0.00984435 
0.0122569 0.494918 0.473267 0.0195585 
0.0110186 0.222459 0.744544 0.0219782 
0.0135879 0.182887 0.765129 0.0383959 
0.10255 0.141007 0.654293 0.10215 
0.0818211 0.14063 0.696047 0.0815015 
0.0645698 0.138724 0.732389 0.0643175 
0.0504921 0.135599 0.763614 0.0502948 
0.0391886 0.131553 0.790222 0.0390355 
0.0583991 0.183789 0.735997 0.0218141 
0.103714 0.204 0.653546 0.0387407 
0.123584 0.162056 0.648963 0.0653974 
0.102781 0.202166 0.674657 0.020396 
0.175138 0.215305 0.574803 0.0347545 
0.142431 0.262646 0.584324 0.010599 
0.113002 0.260471 0.618118 0.00840903 
0.0915246 0.31645 0.58408 0.00794596 
0.155313 0.335625 0.495578 0.0134839 
0.180211 0.519239 0.287512 0.0130379 
0.0941176 0.317647 0.423529 0.164706 
0.0784314 0.132353 0.617647 0.171569 
0.146705 0.139255 0.433238 0.280802 
0.210253 0.147056 0.261433 0.381257 
0.266184 0.137182 0.13936 0.457274 
0.0724086 0.223901 0.454911 0.248779 
0.027288 0.232045 0.600034 0.140633 
0.0573107 0.182754 0.393813 0.366123 
0.0813333 0.191105 0.23532 0.492241 
0.0161495 0.227674 0.560698 0.195478 
0.0177056 0.166409 0.512273 0.303612 
0.00650057 0.168015 0.658279 0.167205 
0.00719129 0.123912 0.606853 0.262043 
0.00743871 0.0854501 0.523111 0.384001 
0.00280779 0.0886976 0.69108 0.217415 
0.0165462 0.777445 0.18254 0.0234694 
0.0452807 0.531893 0.374656 0.0481701 
0.0440865 0.258933 0.638356 0.0586246 
0.0530061 0.207547 0.639592 0.0998547 
0.0612204 0.159807 0.61559 0.163383 
0.0852363 0.296662 0.428539 0.189563 
0.0700373 0.304703 0.469498 0.155761 
0.347724 0.107593 0.0596184 0.485065 
0.0214957 0.301798 0.54177 0.134937 
0.024841 0.232511 0.521738 0.22091 
0.00880359 0.226603 0.647158 0.117435 
0.0101712 0.174538 0.62308 0.192211 
0.011079 0.126744 0.565575 0.296602 
0.00397948 0.125194 0.711021 0.159805 
0.00439067 0.0920865 0.65374 0.249783 
0.00455263 0.0636556 0.56488 0.366912 
0.00794197 0.0624633 0.369533 0.560062 
0.230382 0.190065 0.264579 0.314975 
0.295275 0.179496 0.142781 0.382449 
0.0766844 0.279696 0.444971 0.198648 
0.0915483 0.445214 0.265611 0.197627 
0.0704319 0.513782 0.238403 0.177383 
0.0531085 0.581119 0.209726 0.156046 
0.0392954 0.644961 0.181041 0.134703 
0.0898501 0.368681 0.310467 0.231002 
0.0812197 0.166634 0.491129 0.261017 
0.0306496 0.172926 0.648676 0.147749 
0.0342145 0.128693 0.603437 0.233656 
0.137102 0.555622 0.117859 0.189417 
0.10316 0.627102 0.103461 0.166277 
0.075936 0.692417 0.0888511 0.142796 
0.0548347 0.750009 0.0748544 0.120302 
0.0389581 0.799282 0.0620449 0.099715 
0.108187 0.554905 0.129225 0.207683 
0.0996437 0.681445 0.0595099 0.159402 
0.072352 0.742203 0.0504123 0.135033 
0.0482759 0.136907 0.499298 0.315519 
0.0182477 0.14231 0.660549 0.178893 
0.0198991 0.10346 0.600274 0.276367 
0.0202923 0.0703361 0.510114 0.399258 
0.00781074 0.0744512 0.68722 0.230518 
0.00816429 0.0518808 0.598606 0.341349 
0.111888 0.25641 0.456876 0.174825 
0.0919834 0.263494 0.500798 0.143724 
0.074613 0.267169 0.541635 0.116583 
0.0598178 0.267739 0.578978 0.0934654 
0.0480101 0.322333 0.542138 0.0875184 
0.0380641 0.319446 0.573102 0.0693876 
0.0299506 0.314194 0.601258 0.0545974 
0.0236501 0.372149 0.553904 0.0502974 
0.0183793 0.433816 0.502202 0.0456027 
0.0140492 0.497416 0.447866 0.0406687 
0.0278311 0.246341 0.665406 0.0604224 
0.531229 0.088085 0.00626121 0.374425 
0.28201 0.280567 0.0398862 0.397537 
0.098435 0.638367 0.0649703 0.198228 
0.0857997 0.741899 0.0283153 0.143986 
0.0613001 0.795081 0.0236017 0.120017 
0.166674 0.540454 0.0481294 0.244743 
0.149444 0.646111 0.021577 0.182869 
0.110118 0.714129 0.0185488 0.157204 
0.208112 0.35581 0.134178 0.3019 
0.256045 0.322561 0.0695082 0.351885 
0.298995 0.277545 0.0341758 0.389284 
0.337205 0.230642 0.0162287 0.415925 
0.371363 0.187162 0.00752535 0.43395 
0.15142 0.457881 0.0368207 0.353878 
0.140825 0.56779 0.0171221 0.274264 
0.170442 0.506359 0.00872552 0.314473 
0.201672 0.441471 0.00434707 0.35251 
0.233753 0.377042 0.00212152 0.387083 
0.265877 0.316001 0.00101603 0.417106 
0.0883817 0.630261 0.00405292 0.277305 
0.116716 0.416159 0.00936646 0.457758 
0.142132 0.278261 0.264603 0.315004 
0.187756 0.27085 0.147175 0.394218 
0.0429905 0.372099 0.404383 0.180528 
0.0369852 0.16006 0.608816 0.194138 
0.0399379 0.115226 0.547851 0.296985 
0.0700593 0.113698 0.360391 0.455852 
0.0130461 0.144523 0.828671 0.0137596 
0.00994101 0.137657 0.841918 0.0104847 
0.0188484 0.163125 0.798147 0.0198791 
0.0148567 0.192869 0.786399 0.00587596 
0.011338 0.183986 0.800192 0.00448427 
0.0213558 0.216593 0.753605 0.00844639 
0.0165367 0.251575 0.729435 0.00245265 
0.0126617 0.240781 0.744679 0.00187793 
0.0235625 0.280047 0.692896 0.00349468 
0.0179721 0.320404 0.660624 0.000999575 
0.0138214 0.308008 0.677402 0.000768721 
0.0253233 0.352705 0.620563 0.00140844 
0.00839061 0.142184 0.728655 0.120771 
0.00362167 0.0750095 0.76444 0.156929 
0.00396068 0.0243054 0.483793 0.487941 
0.00158652 0.0178493 0.565226 0.415338 
0.000598241 0.018509 0.74597 0.234922 
0.00061841 0.0127554 0.6426 0.344027 
0.00112481 0.0130502 0.438302 0.547523 
0.0584281 0.610071 0.193376 0.138125 
0.066811 0.3488 0.38696 0.197429 
0.115019 0.337769 0.249814 0.297398 
0.153188 0.331476 0.140091 0.375245 
0.188675 0.300826 0.0726503 0.437848 
0.0504327 0.482463 0.233032 0.234072 
0.134995 0.556853 0.140678 0.167474 
0.101516 0.628131 0.123422 0.146931 
0.0746923 0.693238 0.105945 0.126125 
0.176973 0.410634 0.188266 0.224127 
0.176025 0.544576 0.0936285 0.185771 
0.133468 0.619374 0.0828243 0.164334 
0.281768 0.326895 0.13114 0.260198 
0.0673921 0.382239 0.421376 0.128993 
0.0582392 0.165163 0.637256 0.139342 
0.0649414 0.12278 0.592161 0.220118 
0.118362 0.125875 0.404726 0.351038 
0.165753 0.129887 0.238642 0.465718 
0.0349674 0.164406 0.60413 0.196496 
0.0485667 0.304461 0.419542 0.22743 
0.039941 0.312983 0.460038 0.187037 
0.0315904 0.371321 0.4245 0.172589 
0.0245806 0.433389 0.385356 0.156674 
0.0188064 0.497374 0.343972 0.139848 
0.0141474 0.561233 0.301883 0.122736 
0.444308 0.0678462 0.0516923 0.436154 
0.189551 0.173668 0.264636 0.372145 
0.0339573 0.235284 0.580755 0.150004 
0.0445021 0.411129 0.380549 0.16382 
0.0343303 0.475736 0.342495 0.147439 
0.0260172 0.540804 0.302819 0.130359 
0.0193783 0.604206 0.263138 0.113277 
0.0141982 0.664041 0.224931 0.0968295 
0.0336826 0.393829 0.400206 0.172283 
0.0293835 0.171781 0.610969 0.187866 
0.0319668 0.124589 0.553902 0.289542 
0.0567682 0.124454 0.368868 0.44991 
0.0722212 0.223434 0.645101 0.0592439 
0.0568272 0.219761 0.676796 0.046616 
0.0443775 0.21452 0.704699 0.0364034 
0.0344404 0.208106 0.729202 0.0282519 
0.026593 0.20086 0.750733 0.0218146 
0.0204489 0.193066 0.76971 0.0167745 
0.0156716 0.184952 0.78652 0.0128556 
0.0291629 0.215108 0.731807 0.0239227 
0.0228629 0.252958 0.717146 0.00703303 
0.017556 0.242802 0.734242 0.00540052 
0.0324014 0.280072 0.677559 0.00996722 
0.024863 0.322367 0.649901 0.00286811 
0.044866 0.363576 0.586383 0.00517558 
0.0601912 0.202309 0.537646 0.199854 
0.0489442 0.205634 0.582912 0.16251 
0.0398876 0.251375 0.554225 0.154512 
0.0319718 0.251861 0.592318 0.123849 
0.0253663 0.249782 0.62659 0.0982615 
0.0199529 0.245596 0.65716 0.0772916 
0.0155827 0.239755 0.6843 0.0603627 
0.012098 0.232674 0.708364 0.0468641 
0.00934722 0.224712 0.729732 0.0362083 
0.0169682 0.254953 0.662349 0.0657297 
0.0203942 0.204286 0.663401 0.111918 
0.2 0.275 0.30625 0.21875 
0.0848806 0.320955 0.454907 0.139257 
0.0698309 0.132024 0.654937 0.143208 
0.077033 0.0970937 0.602071 0.223802 
0.139237 0.0987168 0.40809 0.353956 
0.193619 0.101148 0.238938 0.466295 
0.0420877 0.131922 0.623269 0.202721 
0.044936 0.0939 0.55454 0.306624 
0.0782853 0.0920182 0.362285 0.467412 
0.105585 0.0914475 0.205736 0.597231 
0.394511 0.209359 0.00208255 0.394047 
0.160126 0.509855 0.0101433 0.319876 
0.144054 0.611575 0.00456262 0.239808 
0.106983 0.681286 0.00395321 0.207778 
0.0777531 0.742718 0.00335197 0.176177 
0.195321 0.466438 0.00631526 0.331926 
0.0105417 0.80718 0.139557 0.0427214 
0.0302015 0.578135 0.299868 0.0917963 
0.0678947 0.24369 0.36866 0.319756 
0.0549052 0.295601 0.347816 0.301677 
0.0778836 0.308968 0.207739 0.405409 
0.100225 0.292967 0.112561 0.494247 
0.0238788 0.418799 0.321812 0.23551 
0.061743 0.477543 0.420195 0.0405188 
0.0469329 0.544495 0.372639 0.035933 
0.0350156 0.609354 0.324354 0.031277 
0.0256722 0.670136 0.277439 0.0267531 
0.0185257 0.725377 0.233574 0.0225232 
0.013182 0.774219 0.193901 0.0186976 
0.0359982 0.52857 0.397136 0.0382953 
0.0345094 0.253355 0.666246 0.0458894 
0.0418993 0.205072 0.674097 0.0789313 
0.0491671 0.160429 0.659188 0.131215 
0.0551614 0.119992 0.616295 0.208551 
0.149927 0.144949 0.459151 0.245974 
0.126064 0.152348 0.514763 0.206824 
0.104213 0.157427 0.567384 0.170975 
0.0848309 0.160184 0.615809 0.139176 
0.0853941 0.422701 0.435866 0.0560399 
0.0498305 0.739983 0.173095 0.0370917 
0.035466 0.790005 0.14373 0.0307993 
0.0974704 0.542788 0.296257 0.0634837 
0.0953517 0.707986 0.144909 0.0517532 
0.0687581 0.765793 0.121909 0.0435391 
0.178921 0.498184 0.237923 0.0849725 
0.173216 0.643064 0.115168 0.0685524 
0.198782 0.590382 0.132166 0.0786704 
0.177865 0.704345 0.0591296 0.0586603 
0.402142 0.398121 0.100266 0.0994706 
0.0459375 0.180714 0.741049 0.0322998 
0.0553656 0.145202 0.744283 0.0551493 
0.0650953 0.113813 0.729234 0.0918581 
0.0740731 0.0863398 0.691507 0.14808 
0.0807188 0.062724 0.627956 0.228601 
0.14636 0.0639738 0.426979 0.362687 
0.0848431 0.0954485 0.556783 0.262925 
0.0315349 0.097561 0.724316 0.146588 
0.0347362 0.0716434 0.664873 0.228748 
0.0662251 0.0768315 0.475346 0.381597 
0.0562346 0.0815512 0.538183 0.324031 
0.0468707 0.0849646 0.59809 0.270075 
0.0383996 0.0870108 0.653326 0.221263 
0.0309792 0.0877459 0.702769 0.178506 
0.0246612 0.0873133 0.745925 0.142101 
0.0194111 0.0859065 0.782833 0.111849 
0.0336782 0.093155 0.679109 0.194058 
0.0517684 0.238655 0.695927 0.0136499 
0.0402937 0.278634 0.677089 0.00398412 
0.0564849 0.305154 0.632776 0.00558506 
0.043208 0.35014 0.60505 0.0016021 
0.0338573 0.411549 0.553129 0.00146462 
0.0612591 0.186157 0.750596 0.00198749 
0.0542026 0.212232 0.700745 0.0328206 
0.0421272 0.206188 0.726176 0.0255088 
0.0752821 0.230288 0.648845 0.0455847 
0.0902566 0.184064 0.648256 0.0774236 
0.0748579 0.228991 0.672071 0.0240804 
0.129491 0.247571 0.581283 0.0416548 
0.120496 0.314538 0.305331 0.259635 
0.132573 0.461415 0.167966 0.238046 
0.0889974 0.149379 0.672974 0.0886497 
0.0749434 0.188685 0.708377 0.027994 
0.0452258 0.177914 0.759967 0.0168934 
0.0652294 0.240568 0.685065 0.00913705 
0.0506244 0.233381 0.708904 0.00709125 
0.0907198 0.261389 0.635184 0.0127076 
0.111682 0.214525 0.65163 0.0221623 
0.0888966 0.256136 0.648352 0.00661526 
0.15333 0.276117 0.559143 0.0114101 
0.189164 0.454196 0.344909 0.0117306 
0.0412431 0.103967 0.767491 0.0872993 
0.0321754 0.101386 0.798333 0.0681056 
0.024914 0.0981313 0.824219 0.0527355 
0.0191754 0.0944099 0.845826 0.0405885 
0.0353996 0.108931 0.780739 0.0749302 
0.0409344 0.0839753 0.752342 0.122748 
0.045596 0.0623589 0.698349 0.193696 
0.048325 0.0440608 0.616788 0.290826 
0.172397 0.225009 0.275097 0.327497 
0.225567 0.21693 0.151554 0.405949 
0.0542529 0.313053 0.437418 0.195276 
0.0959815 0.311534 0.290197 0.302288 
0.0765089 0.372495 0.269876 0.28112 
0.0598624 0.437173 0.24635 0.256614 
0.0459626 0.503496 0.220673 0.229868 
0.0346407 0.569206 0.194034 0.202119 
0.0259714 0.0327348 0.811944 0.12935 
0.0574183 0.0271391 0.560959 0.354484 
0.0480982 0.0284174 0.62654 0.296944 
0.0395561 0.0292132 0.687023 0.244207 
0.0319952 0.0295366 0.740939 0.197529 
0.0255071 0.0294339 0.787585 0.157474 
0.0200862 0.0289729 0.826935 0.124006 
0.0348919 0.0314558 0.71824 0.215412 
0.0363623 0.0218542 0.623756 0.318028 
0.0648356 0.021919 0.41707 0.496176 
0.0525332 0.446942 0.383214 0.11731 
0.057611 0.108921 0.510727 0.322741 
0.0219153 0.113943 0.679985 0.184157 
0.0236815 0.0820835 0.612321 0.281914 
0.0239679 0.0553842 0.516439 0.404208 
0.00925358 0.0588028 0.697857 0.234086 
0.00962285 0.0407663 0.604755 0.344856 
0.0171504 0.040869 0.404186 0.537794 
0.269963 0.278259 0.0807646 0.371013 
0.38414 0.158401 0.00857858 0.44888 
0.164496 0.406983 0.0440822 0.384439 
0.0816503 0.555534 0.0765831 0.286233 
0.0959205 0.326313 0.157443 0.420323 
0.0441051 0.412614 0.253379 0.289902 
0.0417582 0.195329 0.419818 0.343095 
0.0162932 0.209587 0.573316 0.200804 
0.0310416 0.224608 0.409603 0.334747 
0.0251072 0.272503 0.386513 0.315877 
0.0200326 0.326138 0.359791 0.294039 
0.0157484 0.384584 0.329986 0.269681 
0.012187 0.446417 0.297921 0.243475 
0.00927865 0.509825 0.264629 0.216267 
0.118784 0.191401 0.606295 0.0835202 
0.159072 0.341756 0.405965 0.0932063 
0.126844 0.408776 0.37767 0.08671 
0.0989592 0.478367 0.343751 0.0789225 
0.0755627 0.547904 0.306227 0.0703071 
0.056529 0.614836 0.267272 0.0613634 
0.0414986 0.677037 0.228909 0.0525556 
0.0983715 0.401225 0.406967 0.0934363 
0.107547 0.584864 0.222463 0.0851261 
0.080038 0.652898 0.193154 0.0739108 
0.0859868 0.425635 0.47024 0.0181378 
0.0664394 0.493313 0.423897 0.0163503 
0.0503317 0.56057 0.374648 0.0144507 
0.0374176 0.625108 0.324941 0.0125334 
0.0273361 0.685025 0.276956 0.0106826 
0.0196598 0.738995 0.232382 0.0089633 
0.0510092 0.479347 0.452201 0.0174421 
0.054803 0.686664 0.242917 0.0156161 
0.130369 0.40837 0.433399 0.0278614 
0.142514 0.595218 0.236887 0.0253808 
0.106249 0.665633 0.206042 0.0220759 
0.239437 0.375008 0.348244 0.0373118 
0.253463 0.529301 0.184322 0.0329146 
0.283471 0.473574 0.206144 0.0368115 
0.27032 0.602137 0.0982902 0.029253 
0.307331 0.547663 0.111748 0.0332582 
0.196755 0.425268 0.144978 0.233 
0.190944 0.550276 0.0703478 0.188432 
0.237332 0.50397 0.036816 0.221882 
0.28444 0.445055 0.0185784 0.251927 
0.331181 0.381824 0.00910791 0.277888 
0.376504 0.319846 0.00435973 0.29929 
0.419478 0.262576 0.0020452 0.315901 
0.459404 0.211893 0.0009431 0.32776 
0.49588 0.168528 0.000428623 0.335163 
0.227205 0.463303 0.00235667 0.307135 
0.206163 0.560527 0.00106921 0.232241 
0.245534 0.491895 0.000536165 0.262035 
0.0573398 0.149677 0.581182 0.211801 
0.0203276 0.145921 0.721123 0.112629 
0.0231495 0.110785 0.684358 0.181707 
0.0250339 0.079869 0.616724 0.278373 
0.04595 0.0824626 0.424501 0.447087 
0.0326875 0.0377665 0.443537 0.486009 
0.0461885 0.0393219 0.263888 0.650602 
0.00985729 0.0335674 0.563173 0.393402 
0.00370105 0.0346591 0.740078 0.221562 
0.00386565 0.0241337 0.644161 0.327839 
0.00708176 0.0248694 0.442531 0.525518 
0.00998001 0.0258244 0.262585 0.70161 
0.148091 0.152719 0.462977 0.236213 
0.0197297 0.153869 0.755594 0.0708074 
0.0231493 0.120358 0.738796 0.117697 
0.0261342 0.0905848 0.695046 0.188235 
0.0280291 0.0647685 0.621201 0.286002 
0.00997707 0.0634003 0.773917 0.152706 
0.0109217 0.0462688 0.705994 0.236816 
0.021461 0.0511411 0.520226 0.407172 
0.0461841 0.267904 0.641713 0.0441996 
0.0360565 0.261445 0.667991 0.0345072 
0.0279936 0.253727 0.691489 0.0267908 
0.0216346 0.245113 0.712548 0.020705 
0.0166575 0.235904 0.731497 0.0159417 
0.0127858 0.226342 0.748636 0.0122364 
0.00978908 0.216615 0.764228 0.00936845 
0.0182409 0.252274 0.712028 0.0174571 
0.0141049 0.292609 0.688224 0.00506205 
0.0108286 0.280801 0.704484 0.00388623 
0.00829758 0.268961 0.719763 0.00297789 
0.015387 0.311726 0.667365 0.0055222 
0.058759 0.272679 0.612328 0.0562342 
0.0470914 0.3278 0.572529 0.0525792 
0.0369984 0.32193 0.599762 0.0413101 
0.0288959 0.314286 0.624555 0.0322634 
0.0224564 0.305308 0.647162 0.0250734 
0.0173805 0.295372 0.667841 0.0194059 
0.0134061 0.284788 0.686837 0.0149684 
0.0103113 0.273804 0.704371 0.0115129 
0.00791203 0.262619 0.720635 0.00883407 
0.00605883 0.251384 0.735793 0.00676491 
0.0112652 0.292125 0.684032 0.012578 
0.00860461 0.334696 0.653097 0.00360276 
0.0781747 0.236185 0.665028 0.0206125 
0.0634347 0.287477 0.629575 0.0195136 
0.0506699 0.344444 0.586702 0.0181848 
0.039534 0.33593 0.610348 0.0141882 
0.0307077 0.326163 0.632109 0.0110206 
0.0237631 0.315501 0.652208 0.00852825 
0.0187425 0.373264 0.600146 0.00784749 
0.014552 0.434714 0.543626 0.00710844 
0.0111157 0.498089 0.484461 0.0063348 
0.0245473 0.169958 0.779605 0.0258898 
0.019425 0.201738 0.771154 0.00768273 
0.0096771 0.23003 0.758858 0.00143526 
0.0181114 0.269074 0.710129 0.0026862 
0.200627 0.206897 0.219436 0.373041 
0.251136 0.19083 0.115655 0.442379 
0.292175 0.163589 0.0566544 0.487582 
0.325185 0.134158 0.0265496 0.514107 
0.131285 0.324977 0.128624 0.415114 
0.134675 0.444491 0.0659727 0.354861 
0.163013 0.396438 0.0336231 0.406925 
0.190706 0.341735 0.0165621 0.450997 
0.217516 0.287204 0.00795386 0.487326 
0.0722442 0.572341 0.0317009 0.323714 
0.0644475 0.680764 0.0141398 0.240649 
0.0466049 0.738437 0.0119294 0.203028 
0.0331697 0.788342 0.00990545 0.168583 
0.0905337 0.210067 0.374542 0.324858 
0.0305229 0.133899 0.40283 0.432748 
0.0430647 0.139203 0.239305 0.578427 
0.00877653 0.170216 0.585242 0.235766 
0.0942182 0.327923 0.501152 0.0767069 
0.0747602 0.390301 0.463929 0.0710096 
0.0582105 0.45585 0.421434 0.0645052 
0.0444724 0.522398 0.375634 0.057495 
0.0889592 0.261242 0.563543 0.0862565 
0.0730613 0.321833 0.57854 0.0265656 
0.0573793 0.315942 0.605815 0.0208635 
0.0991667 0.341271 0.523505 0.0360577 
0.0775361 0.400247 0.511645 0.0105723 
0.219297 0.306763 0.155816 0.318124 
0.103386 0.471123 0.156278 0.269213 
0.0999836 0.607489 0.0755671 0.21696 
0.0739251 0.673741 0.0651843 0.18715 
0.0536106 0.732897 0.0551504 0.158342 
0.0382378 0.78411 0.0458921 0.131761 
0.104047 0.533401 0.0936562 0.268896 
0.119489 0.306283 0.188223 0.386005 
0.0543243 0.382931 0.299507 0.263238 
0.058162 0.546644 0.160332 0.234862 
0.0434308 0.612286 0.139678 0.204606 
0.205501 0.17881 0.281075 0.334614 
0.265984 0.170533 0.15318 0.410303 
0.0673729 0.259172 0.465598 0.207856 
0.024756 0.261889 0.598791 0.114565 
0.0241025 0.116863 0.442804 0.41623 
0.0200586 0.145884 0.429929 0.404128 
0.0431063 0.141314 0.772642 0.042938 
0.0511944 0.111886 0.764678 0.0722421 
0.0591597 0.0861958 0.736378 0.118266 
0.146621 0.189003 0.561283 0.103093 
0.191617 0.329341 0.366766 0.112275 
0.179775 0.370787 0.344101 0.105337 
0.142645 0.441308 0.318536 0.0975111 
0.110578 0.51315 0.288083 0.0881887 
0.0838164 0.58344 0.254757 0.0779867 
0.0622163 0.649625 0.220621 0.0675371 
0.141163 0.368484 0.375426 0.114926 
0.154114 0.536391 0.204936 0.104559 
0.116773 0.609637 0.181161 0.0924289 
0.246162 0.321285 0.28642 0.146133 
0.262006 0.455951 0.152428 0.129615 
0.424636 0.142674 0.00737561 0.425315 
0.191293 0.385637 0.0398715 0.383198 
0.0972937 0.539382 0.0709766 0.292348 
0.0888056 0.656433 0.0323922 0.222369 
0.0647896 0.718368 0.027571 0.189272 
0.0464334 0.772259 0.0230528 0.158255 
0.123664 0.514182 0.0460469 0.316106 
0.112865 0.625705 0.0210128 0.240417 
0.0832076 0.691935 0.0180732 0.206784 
0.0716728 0.326771 0.415891 0.185665 
0.0587326 0.334718 0.454405 0.152145 
0.0475511 0.338743 0.490527 0.123179 
0.037393 0.399569 0.450029 0.113009 
0.0289056 0.463313 0.405862 0.101919 
0.02196 0.527978 0.359729 0.0903336 
0.0164003 0.591462 0.313431 0.0787075 
0.0120494 0.651826 0.26866 0.0674647 
0.00871924 0.707515 0.22681 0.0569556 
0.253382 0.293962 0.169746 0.28291 
0.313019 0.267585 0.088294 0.331102 
0.363536 0.228988 0.0431762 0.364299 
0.121821 0.460404 0.173621 0.244154 
0.118738 0.598336 0.0846132 0.198312 
0.134879 0.543737 0.0961151 0.22527 
0.123105 0.661696 0.0438624 0.171337 
0.273609 0.367667 0.0731156 0.285608 
0.013798 0.864425 0.0710367 0.0507405 
0.146433 0.362476 0.150639 0.340451 
0.183161 0.334076 0.0793353 0.403428 
0.216778 0.291342 0.0395354 0.452344 
0.247285 0.244883 0.0189891 0.488843 
0.0846246 0.502817 0.0779803 0.334579 
0.0950068 0.282252 0.153208 0.469533 
0.0449901 0.367564 0.253928 0.333518 
0.0184022 0.413446 0.363524 0.204628 
0.0164736 0.185057 0.569492 0.228977 
0.00575582 0.177811 0.696427 0.120006 
0.00658063 0.135528 0.663521 0.194371 
0.00711247 0.0976537 0.597621 0.297612 
0.0535513 0.546805 0.220357 0.179286 
0.0513825 0.699546 0.105717 0.143355 
0.0369317 0.754209 0.088649 0.12021 
0.0966473 0.493426 0.173991 0.235936 
0.102515 0.261691 0.322969 0.312825 
0.0423301 0.297156 0.466758 0.193756 
0.0507933 0.475423 0.280039 0.193745 
0.0385769 0.541618 0.248134 0.171672 
0.0287721 0.605937 0.215912 0.149379 
0.221709 0.406467 0.169746 0.202079 
0.282747 0.381956 0.0911487 0.244148 
0.33908 0.337514 0.0460247 0.277381 
0.389776 0.285877 0.0222762 0.302071 
0.43503 0.235103 0.0104684 0.319398 
0.475308 0.189273 0.00481585 0.330603 
0.204 0.487411 0.0248033 0.283786 
0.184989 0.589316 0.0112459 0.214449 
0.223654 0.524994 0.00572483 0.245627 
0.264491 0.457471 0.00285058 0.275188 
0.0348964 0.323882 0.549618 0.0916031 
0.0416125 0.257477 0.546164 0.154746 
